reference_uv_spectra/lya_masked/F2-6150-hd39755_bd21d0607-hst_calspec.spec
# %ECSV 0.9
# ---
# datatype:
# - {name: w, datatype: float64}
# - {name: f, datatype: float64}
# - {name: e, datatype: float64}
# meta: !!omap
# - {distance: 10}
# - {w0: 1170.0}
# - {filename: F2-6150-hd39755_bd21d0607-hst_calspec.spec}
# schema: astropy-2.0
w f e
[from data line 1311]
1807.199999999999 5.079833431316553e-12 nan
1807.2499999999989 5.079833431315191e-12 nan
1807.2999999999988 5.079833431316553e-12 nan
1807.3499999999988 5.079833431315191e-12 nan
1807.3999999999987 5.079833431316553e-12 nan
1807.4499999999987 5.079833431315191e-12 nan
1807.4999999999986 5.079833431316553e-12 nan
1807.5499999999986 5.079833431315191e-12 nan
1807.5999999999985 5.079833431316553e-12 nan
1807.6499999999985 5.079833431315191e-12 nan
1807.6999999999985 5.079833431316553e-12 nan
1807.7499999999984 5.079833431315191e-12 nan
1807.7999999999984 5.079833431316553e-12 nan
1807.8499999999983 5.185881065645284e-12 nan
1807.8999999999983 5.298489858878257e-12 nan
1807.9499999999982 5.298489858876815e-12 nan
1807.9999999999982 5.2984898588803246e-12 nan
1808.0499999999981 5.298489858876815e-12 nan
1808.099999999998 5.298489858878257e-12 nan
1808.149999999998 5.298489858878883e-12 nan
1808.199999999998 5.298489858878257e-12 nan
1808.249999999998 5.298489858878883e-12 nan
1808.299999999998 5.298489858878257e-12 nan
1808.3499999999979 5.298489858878883e-12 nan
1808.3999999999978 5.298489858878257e-12 nan
1808.4499999999978 5.298489858878883e-12 nan
1808.4999999999977 5.298489858878257e-12 nan
1808.5499999999977 5.298489858878883e-12 nan
1808.5999999999976 5.298489858878257e-12 nan
1808.6499999999976 5.298489858878883e-12 nan
1808.6999999999975 5.298489858878257e-12 nan
1808.7499999999975 5.298489858878883e-12 nan
1808.7999999999975 5.298489858878257e-12 nan
1808.8499999999974 5.298489858878883e-12 nan
1808.8999999999974 5.298489858878257e-12 nan
1808.9499999999973 5.298489858878883e-12 nan
1808.9999999999973 5.298489858878257e-12 nan
1809.0499999999972 5.298489858876815e-12 nan
1809.0999999999972 5.2984898588803246e-12 nan
1809.1499999999971 5.298489858876815e-12 nan
1809.199999999997 5.435282120817549e-12 nan
1809.249999999997 7.074130389421108e-12 nan
1809.299999999997 7.0741303894208754e-12 nan
1809.349999999997 7.074130389421108e-12 nan
1809.399999999997 7.074130389422943e-12 nan
1809.4499999999969 7.074130389421108e-12 nan
1809.4999999999968 7.0741303894208754e-12 nan
1809.5499999999968 7.074130389421108e-12 nan
1809.5999999999967 7.0741303894208754e-12 nan
1809.6499999999967 7.074130389421108e-12 nan
1809.6999999999966 7.0741303894208754e-12 nan
1809.7499999999966 7.074130389421108e-12 nan
1809.7999999999965 7.0741303894208754e-12 nan
1809.8499999999965 7.074130389421108e-12 nan
1809.8999999999965 7.0741303894208754e-12 nan
1809.9499999999964 7.074130389422246e-12 nan
1810.0 7.1875909456607925e-12 nan
1814.92 6.8854690001369274e-12 nan
1814.97 6.59047905750599e-12 nan
1815.02 6.5904790575060205e-12 nan
1815.07 6.59047905750599e-12 nan
1815.12 6.5904790575080885e-12 nan
1815.1699999999998 6.59047905750599e-12 nan
1815.2199999999998 6.5904790575060205e-12 nan
1815.2699999999998 6.59047905750599e-12 nan
1815.3199999999997 6.5904790575080885e-12 nan
1815.3699999999997 6.59047905750599e-12 nan
1815.4199999999996 6.5904790575060205e-12 nan
1815.4699999999996 6.59047905750599e-12 nan
1815.5199999999995 6.5904790575080885e-12 nan
1815.5699999999995 6.59047905750599e-12 nan
1815.6199999999994 6.5904790575060205e-12 nan
1815.6699999999994 6.59047905750599e-12 nan
1815.7199999999993 6.5904790575080885e-12 nan
1815.7699999999993 6.59047905750599e-12 nan
1815.8199999999993 6.5904790575060205e-12 nan
1815.8699999999992 6.59047905750599e-12 nan
1815.9199999999992 6.5904790575080885e-12 nan
1815.9699999999991 6.59047905750599e-12 nan
1816.019999999999 6.5904790575060205e-12 nan
1816.069999999999 6.660169575607685e-12 nan
1816.119999999999 6.748973380813948e-12 nan
1816.169999999999 6.74897338081536e-12 nan
1816.219999999999 6.748973380813948e-12 nan
1816.2699999999988 6.74897338081536e-12 nan
1816.3199999999988 6.748973380813948e-12 nan
1816.3699999999988 6.74897338081536e-12 nan
1816.4199999999987 6.748973380813948e-12 nan
1816.4699999999987 6.74897338081536e-12 nan
1816.5199999999986 6.748973380813948e-12 nan
1816.5699999999986 6.74897338081536e-12 nan
1816.6199999999985 6.748973380813948e-12 nan
1816.6699999999985 6.74897338081536e-12 nan
1816.7199999999984 6.748973380813948e-12 nan
1816.7699999999984 6.74897338081536e-12 nan
1816.8199999999983 6.748973380813948e-12 nan
1816.8699999999983 6.74897338081536e-12 nan
1816.9199999999983 6.748973380813948e-12 nan
1816.9699999999982 6.74897338081536e-12 nan
1817.0199999999982 6.748973380813948e-12 nan
1817.0699999999981 6.74897338081536e-12 nan
1817.119999999998 6.748973380813948e-12 nan
1817.169999999998 6.74897338081536e-12 nan
1817.219999999998 6.748973380813948e-12 nan
1817.269999999998 6.74897338081536e-12 nan
1817.319999999998 6.748973380813948e-12 nan
1817.3699999999978 6.74897338081536e-12 nan
1817.4199999999978 6.740595937570002e-12 nan
1817.4699999999978 6.474631801114437e-12 nan
1817.5199999999977 6.4746318011113855e-12 nan
1817.5699999999977 6.474631801112369e-12 nan
1817.6199999999976 6.4746318011134534e-12 nan
1817.6699999999976 6.474631801112369e-12 nan
1817.7199999999975 6.4746318011134534e-12 nan
1817.7699999999975 6.474631801112369e-12 nan
1817.8199999999974 6.4746318011113855e-12 nan
1817.8699999999974 6.474631801112369e-12 nan
1817.9199999999973 6.4746318011134534e-12 nan
1817.9699999999973 6.474631801112369e-12 nan
1818.0199999999973 6.4746318011134534e-12 nan
1818.0699999999972 6.474631801112369e-12 nan
1818.1199999999972 6.4746318011113855e-12 nan
1818.1699999999971 6.474631801112369e-12 nan
1818.219999999997 6.4746318011134534e-12 nan
1818.269999999997 6.474631801112369e-12 nan
1818.319999999997 6.4746318011134534e-12 nan
1818.369999999997 6.474631801112369e-12 nan
1818.419999999997 6.4746318011113855e-12 nan
1818.4699999999968 6.474631801114437e-12 nan
1818.5199999999968 6.4746318011113855e-12 nan
1818.5699999999968 6.474631801112369e-12 nan
1818.6199999999967 6.4746318011134534e-12 nan
1818.6699999999967 6.474631801112369e-12 nan
1818.7199999999966 6.4746318011113855e-12 nan
1818.7699999999966 6.474631801114437e-12 nan
1818.8199999999965 6.690046279004717e-12 nan
1818.8699999999965 6.821308728736747e-12 nan
1818.92 7.003004039082055e-12 nan
1828.92 7.680721223651072e-12 nan
1838.92 7.471496324600315e-12 nan
1848.92 5.82423486488648e-12 nan
1858.92 8.37695520880219e-12 nan
1868.92 9.427041621427634e-12 nan
1878.92 9.665865876495274e-12 nan
1888.92 1.0594089690465378e-11 nan
1898.92 1.0242644613617477e-11 nan
1908.92 1.143380437576892e-11 nan
1918.92 1.2547704327757715e-11 nan
1928.92 1.1143969072787638e-11 nan
1938.92 1.282644794690878e-11 nan
1948.92 1.397078646596181e-11 nan
1958.92 1.3708512540173524e-11 nan
1968.92 1.531422029779102e-11 nan
1978.92 1.4147381071119308e-11 nan
1988.92 1.4183134147684774e-11 nan
1998.92 1.5326978744290466e-11 nan
2008.92 1.550779365037435e-11 nan
2018.92 1.609260812088981e-11 nan
2028.92 1.596196059030907e-11 nan
2038.92 1.735886593373401e-11 nan
2048.92 1.8865654430814805e-11 nan
2058.92 1.7293856261500228e-11 nan
2068.92 1.8991879712366815e-11 nan
2078.92 2.0662092715367984e-11 nan
2088.92 2.0569821263201995e-11 nan
2098.92 2.0445270331788604e-11 nan
2108.92 2.0038713103488547e-11 nan
2118.92 2.096128290800801e-11 nan
2128.92 1.8947332937934892e-11 nan
2138.92 1.936271532020511e-11 nan
2148.92 2.0896537361708276e-11 nan
2158.92 2.0770723039050677e-11 nan
2168.92 2.0186008960544163e-11 nan
2178.92 2.1511045915030277e-11 nan
2188.92 2.264841453012058e-11 nan
2198.92 2.478980894417746e-11 nan
2208.92 2.2466463968044558e-11 nan
2218.92 2.253949438163366e-11 nan
2228.92 2.4745294901910784e-11 nan
2238.92 2.650227342609814e-11 nan
2248.92 2.406821398962625e-11 nan
2258.92 2.3206591541386173e-11 nan
2268.92 2.316681889788425e-11 nan
2278.92 2.4789228481856268e-11 nan
2288.92 2.5277467659826472e-11 nan
2298.92 2.3459889122039726e-11 nan
2308.92 2.513860647252458e-11 nan
2318.92 2.495970675737155e-11 nan
2328.92 2.406934645125358e-11 nan
2338.92 2.210417662141661e-11 nan
2348.92 1.9813641549106297e-11 nan
2358.92 2.2937689833239824e-11 nan
2368.92 2.3762757376639763e-11 nan
2378.92 2.0387766711877037e-11 nan
2388.92 2.1579618725445666e-11 nan
2398.92 2.1022221524465704e-11 nan
2408.92 1.896907826737221e-11 nan
2418.92 2.6610214279868224e-11 nan
2428.92 2.798008246923927e-11 nan
2438.92 2.6811496758461795e-11 nan
2448.92 2.7626351983107773e-11 nan
2458.92 2.7372397885397735e-11 nan
2468.92 2.6569686629499056e-11 nan
2478.92 2.561736576521162e-11 nan
2488.92 2.194882695378252e-11 nan
2498.92 2.854705189869731e-11 nan
2508.92 2.585793790440599e-11 nan
2518.92 1.941595729054918e-11 nan
2528.92 1.9145382235452024e-11 nan
2538.92 2.358493254615353e-11 nan
2548.92 2.5143139452458078e-11 nan
2558.92 2.965344657762804e-11 nan
2568.92 3.0764192131607895e-11 nan
2578.92 3.1282200401075436e-11 nan
2588.92 3.0945868500303217e-11 nan
2598.92 2.6486478200938346e-11 nan
2608.92 2.6164277007190194e-11 nan
2618.92 2.9435296394752414e-11 nan
2628.92 2.7048688544064495e-11 nan
2638.92 3.7118947259310055e-11 nan
2648.92 3.965946481774506e-11 nan
2658.92 3.9341137740347154e-11 nan
2668.92 3.6198173786786456e-11 nan
2678.92 3.81039375532366e-11 nan
2688.92 3.764589641040112e-11 nan
2698.92 3.72350769745023e-11 nan
2708.92 3.722795704461517e-11 nan
2718.92 3.5038035466573653e-11 nan
2728.92 3.549120450470888e-11 nan
2738.92 3.228469363425754e-11 nan
2748.92 2.910429842780159e-11 nan
2758.92 3.365189466041916e-11 nan
2768.92 3.6339200121014266e-11 nan
2778.92 3.5270064823711394e-11 nan
2788.92 3.174931012547009e-11 nan
2794.352 1.7057879588671636e-11 nan
2794.402 9.982480253058912e-12 nan
2794.452 9.982480252992737e-12 nan
2794.5020000000004 9.982480253058912e-12 nan
2794.5520000000006 9.982480253058912e-12 nan
2794.6020000000008 9.982480253058912e-12 nan
2794.652000000001 9.982480253058912e-12 nan
2794.702000000001 9.982480252992737e-12 nan
2794.7520000000013 9.982480253058912e-12 nan
2794.8020000000015 9.982480253058912e-12 nan
2794.8520000000017 9.982480253058912e-12 nan
2794.902000000002 9.982480253058912e-12 nan
2794.952000000002 9.982480252992737e-12 nan
2795.002000000002 9.982480253058912e-12 nan
2795.0520000000024 9.982480253058912e-12 nan
2795.1020000000026 9.982480253058912e-12 nan
2795.1520000000028 9.982480252992737e-12 nan
2795.202000000003 9.982480253058912e-12 nan
2795.252000000003 9.982480253058912e-12 nan
2795.3020000000033 9.982480253058912e-12 nan
2795.3520000000035 9.982480253058912e-12 nan
2795.4020000000037 9.982480252992737e-12 nan
2795.452000000004 9.982480253058912e-12 nan
2795.502000000004 9.676895651055442e-12 nan
2795.552000000004 6.209165358487854e-12 nan
2795.6020000000044 6.209165358554028e-12 nan
2795.6520000000046 6.209165358554028e-12 nan
2795.702000000005 6.209165358487854e-12 nan
2795.752000000005 6.209165358554028e-12 nan
2795.802000000005 6.209165358554028e-12 nan
2795.8520000000053 6.209165358487854e-12 nan
2795.9020000000055 6.209165358554028e-12 nan
2795.9520000000057 6.209165358554028e-12 nan
2796.002000000006 6.209165358487854e-12 nan
2796.052000000006 6.209165358554028e-12 nan
2796.1020000000062 6.209165358554028e-12 nan
2796.1520000000064 6.209165358487854e-12 nan
2796.2020000000066 6.209165358554028e-12 nan
2796.252000000007 6.209165358554028e-12 nan
2796.302000000007 6.209165358554028e-12 nan
2796.352000000007 6.209165358487854e-12 nan
2796.4020000000073 6.209165358554028e-12 nan
2796.4520000000075 6.209165358554028e-12 nan
2796.5020000000077 6.209165358487854e-12 nan
2796.552000000008 6.209165358554028e-12 nan
2796.602000000008 6.209165358554028e-12 nan
2796.6520000000082 6.209165358487854e-12 nan
2796.7020000000084 6.209165358554028e-12 nan
2796.7520000000086 6.209165358554028e-12 nan
2796.802000000009 6.209165358487854e-12 nan
2796.852000000009 6.209165358554028e-12 nan
2796.902000000009 5.951090389803407e-12 nan
2796.9520000000093 5.824317783914076e-12 nan
2797.0020000000095 5.824317783914076e-12 nan
2797.0520000000097 5.824317783847901e-12 nan
2797.10200000001 5.824317783914076e-12 nan
2797.15200000001 5.824317783914076e-12 nan
2797.2020000000102 5.824317783914076e-12 nan
2797.2520000000104 5.824317783914076e-12 nan
2797.3020000000106 5.824317783847901e-12 nan
2797.352000000011 5.824317783914076e-12 nan
2797.402000000011 5.824317783914076e-12 nan
2797.452000000011 5.824317783914076e-12 nan
2797.5020000000113 5.824317783914076e-12 nan
2797.5520000000115 5.824317783847901e-12 nan
2797.6020000000117 5.824317783914076e-12 nan
2797.652000000012 5.824317783914076e-12 nan
2797.702000000012 5.824317783914076e-12 nan
2797.7520000000122 5.824317783914076e-12 nan
2797.8020000000124 5.824317783847901e-12 nan
2797.8520000000126 5.824317783914076e-12 nan
2797.902000000013 5.824317783914076e-12 nan
2797.952000000013 5.824317783914076e-12 nan
2798.002000000013 5.824317783914076e-12 nan
2798.0520000000133 5.824317783847901e-12 nan
2798.1020000000135 5.824317783914076e-12 nan
2798.1520000000137 5.824317783914076e-12 nan
2798.202000000014 5.824317783914076e-12 nan
2798.252000000014 6.253858365654354e-12 nan
2798.3020000000142 7.459842273394696e-12 nan
2798.352 7.918246040227668e-12 nan
2801.53 9.810147489452616e-12 nan
2801.5800000000004 9.692666258722675e-12 nan
2801.6300000000006 9.692666258722675e-12 nan
2801.6800000000007 9.6926662586565e-12 nan
2801.730000000001 9.692666258722675e-12 nan
2801.780000000001 9.692666258722675e-12 nan
2801.8300000000013 9.692666258722675e-12 nan
2801.8800000000015 9.6926662586565e-12 nan
2801.9300000000017 9.692666258722675e-12 nan
2801.980000000002 9.692666258722675e-12 nan
2802.030000000002 9.692666258722675e-12 nan
2802.080000000002 9.692666258722675e-12 nan
2802.1300000000024 9.6926662586565e-12 nan
2802.1800000000026 9.692666258722675e-12 nan
2802.2300000000027 9.692666258722675e-12 nan
2802.280000000003 9.692666258722675e-12 nan
2802.330000000003 9.692666258722675e-12 nan
2802.3800000000033 8.238563157447218e-12 nan
2802.4300000000035 7.274093998497965e-12 nan
2802.4800000000037 7.274093998497965e-12 nan
2802.530000000004 7.274093998497965e-12 nan
2802.580000000004 7.274093998497965e-12 nan
2802.630000000004 7.274093998497965e-12 nan
2802.6800000000044 7.274093998431791e-12 nan
2802.7300000000046 7.274093998497965e-12 nan
2802.7800000000047 7.274093998497965e-12 nan
2802.830000000005 7.274093998497965e-12 nan
2802.880000000005 7.274093998497965e-12 nan
2802.9300000000053 7.274093998497965e-12 nan
2802.9800000000055 7.274093998497965e-12 nan
2803.0300000000057 7.274093998497965e-12 nan
2803.080000000006 7.274093998497965e-12 nan
2803.130000000006 7.274093998497965e-12 nan
2803.180000000006 7.274093998497965e-12 nan
2803.2300000000064 7.274093998497965e-12 nan
2803.2800000000066 7.274093998497965e-12 nan
2803.3300000000067 7.274093998431791e-12 nan
2803.380000000007 7.274093998497965e-12 nan
2803.430000000007 7.274093998497965e-12 nan
2803.4800000000073 7.274093998497965e-12 nan
2803.5300000000075 7.274093998497965e-12 nan
2803.5800000000077 7.274093998497965e-12 nan
2803.630000000008 7.274093998497965e-12 nan
2803.680000000008 7.274093998497965e-12 nan
2803.730000000008 7.27198407641788e-12 nan
2803.7800000000084 7.263176770901521e-12 nan
2803.8300000000086 7.263176770835346e-12 nan
2803.8800000000087 7.263176770901521e-12 nan
2803.930000000009 7.263176770835346e-12 nan
2803.980000000009 7.263176770901521e-12 nan
2804.0300000000093 7.263176770901521e-12 nan
2804.0800000000095 7.263176770835346e-12 nan
2804.1300000000097 7.263176770901521e-12 nan
2804.18000000001 7.263176770835346e-12 nan
2804.23000000001 7.263176770901521e-12 nan
2804.28000000001 7.263176770901521e-12 nan
2804.3300000000104 7.263176770835346e-12 nan
2804.3800000000106 7.263176770901521e-12 nan
2804.4300000000108 7.263176770835346e-12 nan
2804.480000000011 7.263176770901521e-12 nan
2804.530000000011 7.263176770901521e-12 nan
2804.5800000000113 7.263176770835346e-12 nan
2804.6300000000115 7.263176770901521e-12 nan
2804.6800000000117 7.263176770835346e-12 nan
2804.730000000012 7.263176770901521e-12 nan
2804.780000000012 7.263176770901521e-12 nan
2804.830000000012 7.263176770835346e-12 nan
