reference_uv_spectra/lya_masked/F2-6150-hd39755_bd21d0607-hst_calspec.spec
# %ECSV 0.9
# ---
# datatype:
# - {name: w, datatype: float64}
# - {name: f, datatype: float64}
# - {name: e, datatype: float64}
# meta: !!omap
# - {distance: 10}
# - {w0: 1170.0}
# - {filename: F2-6150-hd39755_bd21d0607-hst_calspec.spec}
# schema: astropy-2.0
w f e
[from data line 3409]
19825.53 3.3088217988970765e-12 nan
19835.53 3.3029194318103394e-12 nan
19845.53 3.29575497431901e-12 nan
19855.53 3.2896910247814467e-12 nan
19865.53 3.2827738355832993e-12 nan
19875.53 3.2779243226255323e-12 nan
19885.53 3.272681533763251e-12 nan
19895.53 3.2673094098679487e-12 nan
19905.53 3.26176137898766e-12 nan
19915.53 3.2553405154365163e-12 nan
19925.53 3.2489561357172874e-12 nan
19935.53 3.242926044855365e-12 nan
19945.53 3.2371035486874498e-12 nan
19955.53 3.231484719288831e-12 nan
19965.53 3.2261770073893157e-12 nan
19975.53 3.220350705401783e-12 nan
19985.53 3.2149242212453846e-12 nan
19995.53 3.2089298056589013e-12 nan
20005.53 3.20338191276028e-12 nan
20015.53 3.1972914880432804e-12 nan
20025.53 3.191641888187619e-12 nan
20035.53 3.1856794593180813e-12 nan
20045.53 3.1800881371820756e-12 nan
20055.53 3.174276464046465e-12 nan
20065.53 3.168728110684852e-12 nan
20075.53 3.1629675076696727e-12 nan
20085.53 3.157322580217155e-12 nan
20095.53 3.1516585779373603e-12 nan
20105.53 3.1459170497494583e-12 nan
20115.53 3.1403952600875188e-12 nan
20125.53 3.134557289352929e-12 nan
20135.53 3.129161975844877e-12 nan
20145.53 3.123160806462364e-12 nan
20155.53 3.1179906561492604e-12 nan
20165.53 3.1118920540067813e-12 nan
20175.53 3.106851976307107e-12 nan
20185.53 3.1004953050102282e-12 nan
20195.53 3.0956606073680993e-12 nan
20205.53 3.0890825897020233e-12 nan
20215.53 3.084547727853058e-12 nan
20225.53 3.0778287391394333e-12 nan
20235.53 3.073589158084548e-12 nan
20245.53 3.0666821289301355e-12 nan
20255.53 3.0627126213023394e-12 nan
20265.53 3.0555219473524927e-12 nan
20275.53 3.051782603849811e-12 nan
20285.53 3.0441552682320316e-12 nan
20295.53 3.0408175170892143e-12 nan
20305.53 3.033037397374178e-12 nan
20315.53 3.0301326352703137e-12 nan
20325.53 3.0222553511406423e-12 nan
20335.53 3.0196755812849585e-12 nan
20345.53 3.0113540898266927e-12 nan
20355.53 3.0090854936548662e-12 nan
20365.53 3.0001146089345305e-12 nan
20375.53 2.99829686501183e-12 nan
20385.53 2.98909705969545e-12 nan
20395.53 2.9877662874337466e-12 nan
20405.53 2.9785422672135858e-12 nan
20415.53 2.9776404469365173e-12 nan
20425.53 2.9679366486626582e-12 nan
20435.53 2.967481842019042e-12 nan
20445.53 2.957116017193169e-12 nan
20455.53 2.957116017193169e-12 nan
20465.53 2.9462832068139727e-12 nan
20475.53 2.946251478378549e-12 nan
20485.53 2.9360784685381928e-12 nan
20495.53 2.935543941578213e-12 nan
20505.53 2.9259000441561886e-12 nan
20515.53 2.9248395980338543e-12 nan
20525.53 2.9157877999883068e-12 nan
20535.53 2.9141871449825123e-12 nan
20545.53 2.9057981401861448e-12 nan
20555.53 2.9036560358594907e-12 nan
20565.53 2.8957479198946522e-12 nan
20575.53 2.8929881487084733e-12 nan
20585.53 2.8855362689459323e-12 nan
20595.53 2.882091411180443e-12 nan
20605.53 2.8753345319461125e-12 nan
20615.53 2.87127131192293e-12 nan
20625.53 2.8654875320904928e-12 nan
20635.53 2.8609988569470257e-12 nan
20645.53 2.855918204442178e-12 nan
20655.53 2.8508264574891994e-12 nan
20665.53 2.8462751507390846e-12 nan
20675.53 2.8403376590700853e-12 nan
20685.53 2.836458459289329e-12 nan
20695.53 2.8297485390374926e-12 nan
20705.53 2.8266933984946447e-12 nan
20715.53 2.8194449497615426e-12 nan
20725.53 2.817205693503402e-12 nan
20735.53 2.809476652908522e-12 nan
20745.53 2.807968654630364e-12 nan
20755.53 2.7994774878720324e-12 nan
20765.53 2.798715621430059e-12 nan
20775.53 2.789310942724773e-12 nan
20785.53 2.789310942719479e-12 nan
20795.53 2.779054488164184e-12 nan
20805.53 2.7790227875484983e-12 nan
20815.53 2.7696035070592872e-12 nan
20825.53 2.7687492681539345e-12 nan
20835.53 2.7603082248614248e-12 nan
20845.53 2.758637008442998e-12 nan
20855.53 2.7511441100300188e-12 nan
20865.53 2.7486527452836193e-12 nan
20875.53 2.741991555954263e-12 nan
20885.53 2.7386232442597557e-12 nan
20895.53 2.7323942410615278e-12 nan
20905.53 2.7278034111029377e-12 nan
20915.53 2.7226795476199203e-12 nan
20925.53 2.7172409015738827e-12 nan
20935.53 2.713591445736959e-12 nan
20945.53 2.707943987879391e-12 nan
20955.53 2.7051959270878203e-12 nan
20965.53 2.6987205191941456e-12 nan
20975.53 2.6967753535746787e-12 nan
20985.53 2.6890523888847725e-12 nan
20995.53 2.688050014854258e-12 nan
21005.53 2.679244553402708e-12 nan
21015.53 2.679232027521836e-12 nan
21025.53 2.669289295706056e-12 nan
21035.53 2.669289295706056e-12 nan
21045.53 2.6602744158350364e-12 nan
21055.53 2.659252343735696e-12 nan
21065.53 2.651487727778207e-12 nan
21075.53 2.649458877934648e-12 nan
21085.53 2.642974801034629e-12 nan
21095.53 2.6400007045459408e-12 nan
21105.53 2.634540747050365e-12 nan
21115.53 2.6305236377061805e-12 nan
21125.53 2.626037771096326e-12 nan
21135.53 2.6208672160232344e-12 nan
21145.53 2.6174045282512632e-12 nan
21155.53 2.610997111951668e-12 nan
21165.53 2.6087277491673787e-12 nan
21175.53 2.6013465445845827e-12 nan
21185.53 2.600238255934393e-12 nan
21195.53 2.5919088612881527e-12 nan
21205.53 2.5919088612934466e-12 nan
21215.53 2.58252625386331e-12 nan
21225.53 2.5825015139790967e-12 nan
21235.53 2.5743100330732155e-12 nan
21245.53 2.573142597795797e-12 nan
21255.53 2.5660093048224128e-12 nan
21265.53 2.5636442425405008e-12 nan
21275.53 2.557807217491727e-12 nan
21285.53 2.554297567190311e-12 nan
21295.53 2.549687286570631e-12 nan
21305.53 2.5450054433877267e-12 nan
21315.53 2.541485114245483e-12 nan
21325.53 2.5353727050583293e-12 nan
21335.53 2.5329932775952638e-12 nan
21345.53 2.525143625210285e-12 nan
21355.53 2.524221154719949e-12 nan
21365.53 2.5157229726441664e-12 nan
21375.53 2.5157229726494603e-12 nan
21385.53 2.507551939420681e-12 nan
21395.53 2.507219318243206e-12 nan
21405.53 2.4997809488255803e-12 nan
21415.53 2.498168019544757e-12 nan
21425.53 2.4917497220428693e-12 nan
21435.53 2.488735924458199e-12 nan
21445.53 2.4836678783447053e-12 nan
21455.53 2.479298241167063e-12 nan
21465.53 2.475559834747519e-12 nan
21475.53 2.469751188680022e-12 nan
21485.53 2.4673815021276135e-12 nan
21495.53 2.4600279746216545e-12 nan
21505.53 2.459075287316186e-12 nan
21515.53 2.449861163368407e-12 nan
21525.53 2.449861163368407e-12 nan
21535.53 2.43961148408672e-12 nan
21545.53 2.4389774649914506e-12 nan
21555.53 2.4291566765015624e-12 nan
21565.53 2.4265088446633603e-12 nan
21575.53 2.4164308009595013e-12 nan
21585.53 2.4105446678203577e-12 nan
21595.53 2.3979454609892428e-12 nan
21605.53 2.3838963714139914e-12 nan
21615.53 2.3645741233618765e-12 nan
21625.53 2.3219774413212734e-12 nan
21635.53 2.306529046604422e-12 nan
21645.53 2.2184167893686918e-12 nan
21655.53 2.2184167893739857e-12 nan
21665.53 2.206723527669222e-12 nan
21675.53 2.206537458782322e-12 nan
21685.53 2.2768899577317715e-12 nan
21695.53 2.2926313714741516e-12 nan
21705.53 2.3230014614534555e-12 nan
21715.53 2.3395105738143464e-12 nan
21725.53 2.344126813480217e-12 nan
21735.53 2.349201056942033e-12 nan
21745.53 2.3486910917246493e-12 nan
21755.53 2.3475155472714316e-12 nan
21765.53 2.346784695470217e-12 nan
21775.53 2.341747187139109e-12 nan
21785.53 2.3417471871338152e-12 nan
21795.53 2.3353774014375723e-12 nan
21805.53 2.3350336217021602e-12 nan
21815.53 2.3294580716425637e-12 nan
21825.53 2.327779862914218e-12 nan
21835.53 2.3233048930602988e-12 nan
21845.53 2.3201466382734026e-12 nan
21855.53 2.3168193211841854e-12 nan
21865.53 2.311861722253665e-12 nan
21875.53 2.3100506205833424e-12 nan
21885.53 2.3034312467400815e-12 nan
21895.53 2.3032325992286266e-12 nan
21905.53 2.295789772840099e-12 nan
21915.53 2.295789772840099e-12 nan
21925.53 2.289130029740091e-12 nan
21935.53 2.287813272623176e-12 nan
21945.53 2.2825303896522127e-12 nan
21955.53 2.279578118253842e-12 nan
21965.53 2.2759048017740802e-12 nan
21975.53 2.2713426977838137e-12 nan
21985.53 2.2692870739275937e-12 nan
21995.53 2.2630681598605617e-12 nan
22005.53 2.262663825776808e-12 nan
22015.53 2.2547103310382597e-12 nan
22025.53 2.2547103310382597e-12 nan
22035.53 2.2472424560273035e-12 nan
22045.53 2.2458849555721283e-12 nan
22055.53 2.2399527870234522e-12 nan
22065.53 2.236643923944595e-12 nan
22075.53 2.2333115252294412e-12 nan
22085.53 2.228992870260798e-12 nan
22095.53 2.2273550432511714e-12 nan
22105.53 2.221775035664808e-12 nan
22115.53 2.2216478433392698e-12 nan
22125.53 2.2138436402646697e-12 nan
22135.53 2.2138436402646697e-12 nan
22145.53 2.207334532942842e-12 nan
22155.53 2.205735817181923e-12 nan
22165.53 2.201006620616808e-12 nan
22175.53 2.19768281175277e-12 nan
22185.53 2.1947073435048116e-12 nan
22195.53 2.189635527581189e-12 nan
22205.53 2.188426818659358e-12 nan
22215.53 2.181582389093748e-12 nan
22225.53 2.1815823890990417e-12 nan
22235.53 2.1741084423388675e-12 nan
22245.53 2.173529383664595e-12 nan
22255.53 2.1678350300502476e-12 nan
22265.53 2.165439123518842e-12 nan
22275.53 2.161699546923281e-12 nan
22285.53 2.157605388682887e-12 nan
22295.53 2.15565810189175e-12 nan
22305.53 2.1497767098501223e-12 nan
22315.53 2.1496360621838707e-12 nan
22325.53 2.1418599502211063e-12 nan
22335.53 2.1418599502264006e-12 nan
22345.53 2.1356195794701494e-12 nan
22355.53 2.1339068672570377e-12 nan
22365.53 2.1294961023258198e-12 nan
22375.53 2.1258768799164623e-12 nan
22385.53 2.123450148733787e-12 nan
22395.53 2.118088515997987e-12 nan
22405.53 2.1175369608646766e-12 nan
22415.53 2.1103998084439016e-12 nan
22425.53 2.1103998084439016e-12 nan
22435.53 2.1040209204839617e-12 nan
22445.53 2.102711100884522e-12 nan
22455.53 2.0981281477235366e-12 nan
22465.53 2.094882422046463e-12 nan
22475.53 2.092249378090619e-12 nan
22485.53 2.0871113549642872e-12 nan
22495.53 2.0864164788599223e-12 nan
22505.53 2.0793824655383186e-12 nan
22515.53 2.0793824655383186e-12 nan
22525.53 2.0728901228143438e-12 nan
22535.53 2.0716427988568815e-12 nan
22545.53 2.067152747295463e-12 nan
22555.53 2.063974448342079e-12 nan
22565.53 2.061498233161106e-12 nan
22575.53 2.0564680227758746e-12 nan
22585.53 2.0559151740961986e-12 nan
22595.53 2.048787963629351e-12 nan
22605.53 2.048787963634645e-12 nan
22615.53 2.0423594541235506e-12 nan
22625.53 2.040870538745952e-12 nan
22635.53 2.0367452124141928e-12 nan
22645.53 2.0333639801267536e-12 nan
22655.53 2.0313179235076728e-12 nan
22665.53 2.026183267194369e-12 nan
22675.53 2.026052306218078e-12 nan
22685.53 2.0189354957805756e-12 nan
22695.53 2.0189354957752818e-12 nan
22705.53 2.013347916227884e-12 nan
22715.53 2.0114740419728677e-12 nan
22725.53 2.0079919977192823e-12 nan
22735.53 2.004180367434912e-12 nan
22745.53 2.0027088358891908e-12 nan
22755.53 1.9969566785230617e-12 nan
22765.53 1.9969566785283556e-12 nan
22775.53 1.9900681216802156e-12 nan
22785.53 1.989531814172277e-12 nan
22795.53 1.9846224391832543e-12 nan
22805.53 1.9819729659010795e-12 nan
22815.53 1.9793323424879592e-12 nan
22825.53 1.974816069380532e-12 nan
22835.53 1.974201665630733e-12 nan
22845.53 1.9676797959946677e-12 nan
22855.53 1.9676797959999616e-12 nan
22865.53 1.9619475408640684e-12 nan
22875.53 1.9605232986331027e-12 nan
22885.53 1.9567732692751018e-12 nan
22895.53 1.953222306196351e-12 nan
22905.53 1.9516229094421182e-12 nan
22915.53 1.9460801785052144e-12 nan
22925.53 1.94608017849992e-12 nan
22935.53 1.9394244089585227e-12 nan
22945.53 1.9389380508087834e-12 nan
22955.53 1.9344133288494626e-12 nan
22965.53 1.9318418262471022e-12 nan
22975.53 1.9294265956225047e-12 nan
22985.53 1.9247631646224148e-12 nan
22995.53 1.9244658267505882e-12 nan
23005.53 1.917739719805009e-12 nan
23015.53 1.917739719805009e-12 nan
23025.53 1.9124936083183493e-12 nan
23035.53 1.910661191228022e-12 nan
23045.53 1.90759490212752e-12 nan
23055.53 1.9036554423953104e-12 nan
23065.53 1.9027286297917405e-12 nan
23075.53 1.896628405157651e-12 nan
23085.53 1.896628405157651e-12 nan
23095.53 1.8908951501893605e-12 nan
23105.53 1.889668559454395e-12 nan
23115.53 1.8860930662220824e-12 nan
23125.53 1.882702726387578e-12 nan
23135.53 1.8813060772924846e-12 nan
23145.53 1.8757428806843225e-12 nan
23155.53 1.8757428806843225e-12 nan
23165.53 1.8696385521650157e-12 nan
23175.53 1.868850891785735e-12 nan
23185.53 1.864950169067195e-12 nan
23195.53 1.861987243074315e-12 nan
23205.53 1.8602945519354558e-12 nan
23215.53 1.8551804078008132e-12 nan
23225.53 1.8551804078008132e-12 nan
23235.53 1.8488728829807783e-12 nan
23245.53 1.8483746369459703e-12 nan
23255.53 1.8442799710787316e-12 nan
23265.53 1.8415792441929076e-12 nan
23275.53 1.8397064462308938e-12 nan
23285.53 1.834791302386341e-12 nan
23295.53 1.8347913023810467e-12 nan
23305.53 1.8283689659613688e-12 nan
23315.53 1.828009480991035e-12 nan
23325.53 1.8238237846358915e-12 nan
23335.53 1.8212116932946654e-12 nan
23345.53 1.819288142224889e-12 nan
23355.53 1.814391951917789e-12 nan
23365.53 1.814391951923083e-12 nan
23375.53 1.8079815425690414e-12 nan
23385.53 1.8076165170503205e-12 nan
23395.53 1.8036885940762593e-12 nan
23405.53 1.8011545539782685e-12 nan
23415.53 1.799402132082378e-12 nan
23425.53 1.794597059184645e-12 nan
23435.53 1.7945970591793508e-12 nan
23445.53 1.7885206922446605e-12 nan
23455.53 1.7880229328143986e-12 nan
23465.53 1.7842123969865939e-12 nan
23475.53 1.7814426860275976e-12 nan
23485.53 1.7799225799481478e-12 nan
23495.53 1.7748749461851885e-12 nan
23505.53 1.7748749461851885e-12 nan
23515.53 1.7690975616367914e-12 nan
23525.53 1.7683199793878659e-12 nan
23535.53 1.7648496337392493e-12 nan
23545.53 1.7617616862709836e-12 nan
23555.53 1.7606150438736512e-12 nan
23565.53 1.7551867615933604e-12 nan
23575.53 1.7551867615880666e-12 nan
23585.53 1.749922813202194e-12 nan
23595.53 1.7487460869262563e-12 nan
23605.53 1.745831397702129e-12 nan
23615.53 1.7423815183229878e-12 nan
23625.53 1.7417654538486286e-12 nan
23635.53 1.735975836476877e-12 nan
23645.53 1.735975836476877e-12 nan
23655.53 1.73126092270308e-12 nan
23665.53 1.729535161815067e-12 nan
23675.53 1.7271957828797229e-12 nan
23685.53 1.7231345359721457e-12 nan
23695.53 1.7231345359721457e-12 nan
23705.53 1.7167997555376927e-12 nan
23715.53 1.7167780835697563e-12 nan
23725.53 1.7128157847799704e-12 nan
23735.53 1.7104429195776087e-12 nan
23745.53 1.7088591651396315e-12 nan
23755.53 1.704154723133576e-12 nan
23765.53 1.7041547231388701e-12 nan
23775.53 1.6986555494789683e-12 nan
23785.53 1.697875973420364e-12 nan
23795.53 1.6947224225250615e-12 nan
23805.53 1.6915356203826206e-12 nan
23815.53 1.6907874113781274e-12 nan
23825.53 1.685122753701296e-12 nan
23835.53 1.6851227537065898e-12 nan
23845.53 1.6804808321499895e-12 nan
23855.53 1.678796238127298e-12 nan
23865.53 1.6766805691165929e-12 nan
23875.53 1.6727209257592148e-12 nan
23885.53 1.6727209257645086e-12 nan
23895.53 1.6668470467568922e-12 nan
23905.53 1.6666037018409124e-12 nan
23915.53 1.6630655873943507e-12 nan
23925.53 1.6603938733457339e-12 nan
23935.53 1.6593214443753498e-12 nan
23945.53 1.6543369222326091e-12 nan
23955.53 1.6543369222326091e-12 nan
23965.53 1.6496326632915495e-12 nan
23975.53 1.6483213504577269e-12 nan
23985.53 1.6459596892989718e-12 nan
23995.53 1.6421812414985467e-12 nan
24005.53 1.6421812415038408e-12 nan
24015.53 1.636029607856732e-12 nan
24025.53 1.635934690509333e-12 nan
24035.53 1.632407499283192e-12 nan
24045.53 1.6298798682335267e-12 nan
24055.53 1.628843153502097e-12 nan
24065.53 1.6240504369727679e-12 nan
24075.53 1.6240504369727679e-12 nan
24085.53 1.6195079497996917e-12 nan
24095.53 1.6181564752321944e-12 nan
24105.53 1.6159609670240514e-12 nan
24115.53 1.6120800984401579e-12 nan
24125.53 1.6120800984401579e-12 nan
24135.53 1.606125394039937e-12 nan
24145.53 1.605808666620448e-12 nan
24155.53 1.6025431945089679e-12 nan
24165.53 1.5997076751091979e-12 nan
24175.53 1.5990393032533817e-12 nan
24185.53 1.5940691742544698e-12 nan
24195.53 1.5940691742544698e-12 nan
24205.53 1.5901472813026662e-12 nan
24215.53 1.5884608763288277e-12 nan
24225.53 1.5868417105244079e-12 nan
24235.53 1.582630779808392e-12 nan
24245.53 1.582630779808392e-12 nan
24255.53 1.5774819343697328e-12 nan
24265.53 1.5765996408861343e-12 nan
24275.53 1.573916037390732e-12 nan
24285.53 1.5703186292826098e-12 nan
24295.53 1.5703186292773157e-12 nan
