reference_uv_spectra/lya_masked/F2-6150-hd39755_bd21d0607-hst_calspec.spec
# %ECSV 0.9
# ---
# datatype:
# - {name: w, datatype: float64}
# - {name: f, datatype: float64}
# - {name: e, datatype: float64}
# meta: !!omap
# - {distance: 10}
# - {w0: 1170.0}
# - {filename: F2-6150-hd39755_bd21d0607-hst_calspec.spec}
# schema: astropy-2.0
w f e
[from data line 6116]
46895.53 1.2960048243187017e-13 nan
46905.53 1.2960048242657622e-13 nan
46915.53 1.2960048243187017e-13 nan
46925.53 1.2921840591757484e-13 nan
46935.53 1.291236387332355e-13 nan
46945.53 1.2912363872794153e-13 nan
46955.53 1.291236387332355e-13 nan
46965.53 1.290716800170092e-13 nan
46975.53 1.2863699072352757e-13 nan
46985.53 1.2863699072352757e-13 nan
46995.53 1.2863699072352757e-13 nan
47005.53 1.2863699072352757e-13 nan
47015.53 1.2843741665331957e-13 nan
47025.53 1.2814711619591693e-13 nan
47035.53 1.2814711619062298e-13 nan
47045.53 1.2814711619062298e-13 nan
47055.53 1.2814711619062298e-13 nan
47065.53 1.2780249680203816e-13 nan
47075.53 1.276570088189491e-13 nan
47085.53 1.276570088189491e-13 nan
47095.53 1.2765700881365516e-13 nan
47105.53 1.276570088189491e-13 nan
47115.53 1.2717025833413643e-13 nan
47125.53 1.2716752512822222e-13 nan
47135.53 1.2716752512822222e-13 nan
47145.53 1.2716752512292827e-13 nan
47155.53 1.2703044323245062e-13 nan
47165.53 1.2667968796366567e-13 nan
47175.53 1.2667968795837172e-13 nan
47185.53 1.2667968796366567e-13 nan
47195.53 1.2667968795837172e-13 nan
47205.53 1.2640549017433756e-13 nan
47215.53 1.261927405860444e-13 nan
47225.53 1.261927405860444e-13 nan
47235.53 1.261927405860444e-13 nan
47245.53 1.2619274058075044e-13 nan
47255.53 1.2578502250508132e-13 nan
47265.53 1.257076559450472e-13 nan
47275.53 1.257076559450472e-13 nan
47285.53 1.257076559450472e-13 nan
47295.53 1.2565312405919417e-13 nan
47305.53 1.252244340406741e-13 nan
47315.53 1.252244340406741e-13 nan
47325.53 1.252244340406741e-13 nan
47335.53 1.252244340406741e-13 nan
47345.53 1.250411415001354e-13 nan
47355.53 1.2474248444860918e-13 nan
47365.53 1.2474248444860918e-13 nan
47375.53 1.2474248445390316e-13 nan
47385.53 1.2474248444860918e-13 nan
47395.53 1.244326505167643e-13 nan
47405.53 1.2426099222786604e-13 nan
47415.53 1.2426099222786604e-13 nan
47425.53 1.2426099222786604e-13 nan
47435.53 1.2426099222786604e-13 nan
47445.53 1.2382955097751183e-13 nan
47455.53 1.237825602154003e-13 nan
47465.53 1.237825602154003e-13 nan
47475.53 1.237825602154003e-13 nan
47485.53 1.2370890137268621e-13 nan
47495.53 1.233073547261312e-13 nan
47505.53 1.2330735473142518e-13 nan
47515.53 1.233073547261312e-13 nan
47525.53 1.233073547261312e-13 nan
47535.53 1.2311593865787836e-13 nan
47545.53 1.2283324692274035e-13 nan
47555.53 1.2283324692274035e-13 nan
47565.53 1.228332469174464e-13 nan
47575.53 1.2283324692274035e-13 nan
47585.53 1.2252655969182473e-13 nan
47595.53 1.22359812695831e-13 nan
47605.53 1.22359812695831e-13 nan
47615.53 1.22359812695831e-13 nan
47625.53 1.2235981269053703e-13 nan
47635.53 1.2194215986072079e-13 nan
47645.53 1.2188903951821666e-13 nan
47655.53 1.2188903951821666e-13 nan
47665.53 1.2188903951821666e-13 nan
47675.53 1.2183195875140666e-13 nan
47685.53 1.2141984634292257e-13 nan
47695.53 1.2141984634292257e-13 nan
47705.53 1.2141984634292257e-13 nan
47715.53 1.2141984634292257e-13 nan
47725.53 1.2125605984884048e-13 nan
47735.53 1.2095332252843427e-13 nan
47745.53 1.2095332253372824e-13 nan
47755.53 1.2095332253372824e-13 nan
47765.53 1.2095332253372824e-13 nan
47775.53 1.2068512564990012e-13 nan
47785.53 1.2048755545847502e-13 nan
47795.53 1.2048755545847502e-13 nan
47805.53 1.2048755545847502e-13 nan
47815.53 1.2048755545847502e-13 nan
47825.53 1.2011828182070763e-13 nan
47835.53 1.2002368438177093e-13 nan
47845.53 1.2002368438706489e-13 nan
47855.53 1.2002368438177093e-13 nan
47865.53 1.2001838888001548e-13 nan
47875.53 1.1956096088647963e-13 nan
47885.53 1.1956096088647963e-13 nan
47895.53 1.1956096088647963e-13 nan
47905.53 1.1956096088647963e-13 nan
47915.53 1.194588823784374e-13 nan
47925.53 1.1910143064716594e-13 nan
47935.53 1.191014306524599e-13 nan
47945.53 1.191014306524599e-13 nan
47955.53 1.1910143064716594e-13 nan
47965.53 1.1890519378618498e-13 nan
47975.53 1.1864288167963979e-13 nan
47985.53 1.1864288167434583e-13 nan
47995.53 1.1864288167963979e-13 nan
48005.53 1.1864288167963979e-13 nan
48015.53 1.1835560842799336e-13 nan
48025.53 1.1818608733556992e-13 nan
48035.53 1.1818608733556992e-13 nan
48045.53 1.1818608733556992e-13 nan
48055.53 1.1818608733556992e-13 nan
48065.53 1.1780988636589836e-13 nan
48075.53 1.177302742579936e-13 nan
48085.53 1.1773027425269965e-13 nan
48095.53 1.177302742579936e-13 nan
48105.53 1.1772267765359407e-13 nan
48115.53 1.172758998076447e-13 nan
48125.53 1.1727589980235075e-13 nan
48135.53 1.172758998076447e-13 nan
48145.53 1.172758998076447e-13 nan
48155.53 1.1718417558916838e-13 nan
48165.53 1.1682411156593596e-13 nan
48175.53 1.1682411156593596e-13 nan
48185.53 1.1682411156593596e-13 nan
48195.53 1.1682411156593596e-13 nan
48205.53 1.166515345586333e-13 nan
48215.53 1.163754500616487e-13 nan
48225.53 1.1637545005635474e-13 nan
48235.53 1.163754500616487e-13 nan
48245.53 1.1637545005635474e-13 nan
48255.53 1.1612377238493486e-13 nan
48265.53 1.1592745381703822e-13 nan
48275.53 1.1592745381703822e-13 nan
48285.53 1.1592745381703822e-13 nan
48295.53 1.1592745381703822e-13 nan
48305.53 1.1559953413299476e-13 nan
48315.53 1.1548060515384051e-13 nan
48325.53 1.1548060515384051e-13 nan
48335.53 1.1548060515384051e-13 nan
48345.53 1.1548060514854654e-13 nan
48355.53 1.1507949173816825e-13 nan
48365.53 1.1503543627873818e-13 nan
48375.53 1.1503543627344423e-13 nan
48385.53 1.1503543627344423e-13 nan
48395.53 1.1500713012641288e-13 nan
48405.53 1.1459132350549032e-13 nan
48415.53 1.1459132350549032e-13 nan
48425.53 1.1459132350549032e-13 nan
48435.53 1.1459132350549032e-13 nan
48445.53 1.1449361826561244e-13 nan
48455.53 1.1414955578001462e-13 nan
48465.53 1.1414955578530857e-13 nan
48475.53 1.1414955578001462e-13 nan
48485.53 1.1414955578530857e-13 nan
48495.53 1.1398545422673385e-13 nan
48505.53 1.1371045743122657e-13 nan
48515.53 1.1371045743122657e-13 nan
48525.53 1.1371045742593262e-13 nan
48535.53 1.1371045743122657e-13 nan
48545.53 1.1348273231630783e-13 nan
48555.53 1.1327402844324436e-13 nan
48565.53 1.1327402844324436e-13 nan
48575.53 1.1327402844324436e-13 nan
48585.53 1.1327402844324436e-13 nan
48595.53 1.1298460350556577e-13 nan
48605.53 1.1283866387921529e-13 nan
48615.53 1.1283866387392134e-13 nan
48625.53 1.1283866387921529e-13 nan
48635.53 1.1283866387392134e-13 nan
48645.53 1.1248830425952e-13 nan
48655.53 1.1240219331250327e-13 nan
48665.53 1.124021933072093e-13 nan
48675.53 1.1240219331250327e-13 nan
48685.53 1.1240219331250327e-13 nan
48695.53 1.1199647984618293e-13 nan
48705.53 1.1196871642492463e-13 nan
48715.53 1.1196871643021859e-13 nan
48725.53 1.1196871642492463e-13 nan
48735.53 1.11940726655287e-13 nan
48745.53 1.1153614596318472e-13 nan
48755.53 1.1153614596318472e-13 nan
48765.53 1.1153614596318472e-13 nan
48775.53 1.1153614596318472e-13 nan
48785.53 1.1145487348541489e-13 nan
48795.53 1.1110518044888536e-13 nan
48805.53 1.111051804435914e-13 nan
48815.53 1.1110518044888536e-13 nan
48825.53 1.1110518044888536e-13 nan
48835.53 1.1097360641661702e-13 nan
48845.53 1.1067686766178228e-13 nan
48855.53 1.1067686766707625e-13 nan
48865.53 1.1067686766178228e-13 nan
48875.53 1.1067686766707625e-13 nan
48885.53 1.10498167686238e-13 nan
48895.53 1.1025252151408935e-13 nan
48905.53 1.1025252151408935e-13 nan
48915.53 1.1025252151408935e-13 nan
48925.53 1.102525215087954e-13 nan
48935.53 1.1002818482742113e-13 nan
48945.53 1.0982922314615216e-13 nan
48955.53 1.0982922315144611e-13 nan
48965.53 1.0982922314615216e-13 nan
48975.53 1.0982922314615216e-13 nan
48985.53 1.0956105577083434e-13 nan
48995.53 1.0940608278691733e-13 nan
49005.53 1.0940608278691733e-13 nan
49015.53 1.0940608278162337e-13 nan
49025.53 1.0940608278691733e-13 nan
49035.53 1.0909589356180876e-13 nan
49045.53 1.0898293410558379e-13 nan
49055.53 1.0898293410558379e-13 nan
49065.53 1.0898293410558379e-13 nan
49075.53 1.0898293410558379e-13 nan
49085.53 1.0863582595949939e-13 nan
49095.53 1.0856335289409002e-13 nan
49105.53 1.0856335289938397e-13 nan
49115.53 1.0856335289409002e-13 nan
49125.53 1.0856335289938397e-13 nan
49135.53 1.0817905234126694e-13 nan
49145.53 1.0814400453195345e-13 nan
49155.53 1.081440045266595e-13 nan
49165.53 1.0814400453195345e-13 nan
49175.53 1.0814363041867647e-13 nan
49185.53 1.0772424037722494e-13 nan
49195.53 1.0772424037193099e-13 nan
49205.53 1.0772424037722494e-13 nan
49215.53 1.0772424037193099e-13 nan
49225.53 1.0769079087143733e-13 nan
49235.53 1.0730862579455339e-13 nan
49245.53 1.0730862579984735e-13 nan
49255.53 1.0730862579455339e-13 nan
49265.53 1.0730862579455339e-13 nan
49275.53 1.0724500836861033e-13 nan
49285.53 1.0689819195126087e-13 nan
49295.53 1.0689819195126087e-13 nan
49305.53 1.0689819195126087e-13 nan
49315.53 1.0689819194596692e-13 nan
49325.53 1.0680620628547747e-13 nan
49335.53 1.064887144187537e-13 nan
49345.53 1.064887144187537e-13 nan
49355.53 1.064887144187537e-13 nan
49365.53 1.064887144187537e-13 nan
49375.53 1.0637004524578018e-13 nan
49385.53 1.060789458404319e-13 nan
49395.53 1.0607894583513795e-13 nan
49405.53 1.060789458404319e-13 nan
49415.53 1.0607894583513795e-13 nan
49425.53 1.0593605964080134e-13 nan
49435.53 1.0567010030567647e-13 nan
49445.53 1.0567010030567647e-13 nan
49455.53 1.0567010030567647e-13 nan
49465.53 1.0567010030567647e-13 nan
49475.53 1.0550518580193665e-13 nan
49485.53 1.0526200319335136e-13 nan
49495.53 1.0526200319864531e-13 nan
49505.53 1.0526200319335136e-13 nan
49515.53 1.0526200319864531e-13 nan
49525.53 1.0507736666034129e-13 nan
49535.53 1.048551783986284e-13 nan
49545.53 1.048551783986284e-13 nan
49555.53 1.0485517840392236e-13 nan
49565.53 1.048551783986284e-13 nan
49575.53 1.046527792617831e-13 nan
49585.53 1.0444933486510506e-13 nan
49595.53 1.0444933487039901e-13 nan
49605.53 1.0444933486510506e-13 nan
49615.53 1.0444933487039901e-13 nan
49625.53 1.0423042497029914e-13 nan
49635.53 1.0404296744170385e-13 nan
49645.53 1.0404296744170385e-13 nan
49655.53 1.0404296744170385e-13 nan
49665.53 1.0404296743640989e-13 nan
49675.53 1.0381131458736307e-13 nan
49685.53 1.0363939411529782e-13 nan
49695.53 1.0363939412059179e-13 nan
49705.53 1.0363939411529782e-13 nan
49715.53 1.0363939412059179e-13 nan
49725.53 1.0339908988348598e-13 nan
49735.53 1.0324156699687851e-13 nan
49745.53 1.0324156700217246e-13 nan
49755.53 1.0324156699687851e-13 nan
49765.53 1.0324156700217246e-13 nan
49775.53 1.0299436300408491e-13 nan
49785.53 1.0284843830139619e-13 nan
49795.53 1.0284843830669014e-13 nan
49805.53 1.0284843830139619e-13 nan
49815.53 1.0284843830139619e-13 nan
49825.53 1.025930080516738e-13 nan
49835.53 1.0245480233905757e-13 nan
49845.53 1.0245480233905757e-13 nan
49855.53 1.0245480234435153e-13 nan
49865.53 1.0245480233905757e-13 nan
49875.53 1.0219342333988893e-13 nan
49885.53 1.0206122459435222e-13 nan
49895.53 1.0206122458905826e-13 nan
49905.53 1.0206122458905826e-13 nan
49915.53 1.0206122458905826e-13 nan
49925.53 1.0179558071017876e-13 nan
49935.53 1.0166723936856572e-13 nan
49945.53 1.0166723936327176e-13 nan
49955.53 1.0166723936327176e-13 nan
49965.53 1.0166723936856572e-13 nan
49975.53 1.0140105711025099e-13 nan
49985.53 1.0127539961370714e-13 nan
49995.53 1.0127539960841318e-13 nan
