reference_uv_spectra/lya_masked/G2-5800-alfcen_sun-hst_kurucz_whi.spec
# %ECSV 0.9
# ---
# datatype:
# - {name: w, datatype: float64}
# - {name: f, datatype: float64}
# - {name: e, datatype: float64}
# meta: !!omap
# - {distance: 10}
# - {w0: 1170.0}
# - {filename: G2-5800-alfcen_sun-hst_kurucz_whi.spec}
# schema: astropy-2.0
w f e
[from data line 1465]
1988.92 1.5896338684340024e-13 1.3789394000463235e-16
1998.92 1.6990235190094827e-13 1.397375635177388e-16
2008.92 1.8435896149156898e-13 1.4238992381634618e-16
2018.92 1.978830160923806e-13 1.4418605736590336e-16
2028.92 2.053613194256724e-13 1.443775238299403e-16
2038.92 2.2473315127348264e-13 1.4600113803533385e-16
2048.92 2.482898757782266e-13 1.4885210523146716e-16
2058.92 2.522877404325969e-13 1.4812969189252948e-16
2068.92 2.743550972944728e-13 1.5240204689204035e-16
2078.92 3.05140228103018e-13 1.5934561593607166e-16
2088.92 3.8781964664624983e-13 1.746079027223581e-16
2098.92 4.930625665130097e-13 1.8743068581906552e-16
2108.92 5.95783332650784e-13 2.0539470325892362e-16
2118.92 7.246688244669403e-13 2.301110736866914e-16
2128.92 5.941311277024269e-13 2.1042507063724371e-16
2138.92 7.595216039461875e-13 2.442647969663423e-16
2148.92 8.364049140680923e-13 1.11636847540891e-15
2158.92 7.590208286038668e-13 1.5383150671373762e-15
2168.92 6.904612821133738e-13 1.4411002671823354e-15
2178.92 8.591546437041594e-13 1.5368883721604418e-15
2188.92 8.865998635251298e-13 1.5067048781184633e-15
2198.92 9.929407070424514e-13 1.5181377943005264e-15
2208.92 9.197296500823036e-13 1.4945832900068273e-15
2218.92 9.353790194741427e-13 1.4329301197947005e-15
2228.92 1.0706734507407216e-12 1.5353063486983331e-15
2238.92 1.322361143968194e-12 1.5507595249992526e-15
2248.92 1.2161758233307954e-12 1.5436763370518057e-15
2258.92 1.0562537486707616e-12 1.4084726197695206e-15
2268.92 7.934939943295865e-13 1.3107332691608203e-15
2278.92 1.0375125392091383e-12 1.3570336637277987e-15
2288.92 1.1119020227894138e-12 1.4344573214402249e-15
2298.92 1.0437789404532654e-12 1.313368514293005e-15
2308.92 1.181460261866667e-12 1.4207414016446914e-15
2318.92 1.1879127552184762e-12 1.3539414259235942e-15
2328.92 1.196128765377099e-12 1.3708580338402054e-15
2338.92 1.1031577825507264e-12 1.329805397639498e-15
2348.92 1.0354891944711844e-12 1.2731419704669538e-15
2358.92 1.2486404454367045e-12 1.3818479774208525e-15
2368.92 1.2610200222999706e-12 1.3840748210071915e-15
2378.92 1.0717603629939378e-12 1.2466675930056157e-15
2388.92 1.2844127370061778e-12 1.1315668503377584e-15
2398.92 1.1597878932756176e-12 1.4823770701566447e-15
2408.92 1.0407263769203675e-12 1.4409843487864967e-15
2418.92 1.623190970064973e-12 1.7043445457825859e-15
2428.92 1.7695473711212649e-12 1.6968058637794608e-15
2438.92 1.7446048348172645e-12 1.7272255318195012e-15
2448.92 1.4673640690888694e-12 1.6159897145946455e-15
2458.92 1.3636541741811493e-12 1.506074785608067e-15
2468.92 1.4801025668827593e-12 1.5602615871411416e-15
2478.92 1.5790882014944398e-12 1.5976295309409191e-15
2488.92 1.1846849605186946e-12 1.4226641725328432e-15
2498.92 1.8257598824561624e-12 1.6255952676262654e-15
2508.92 1.6543637191759259e-12 1.591268183032898e-15
2518.92 1.2205390255240785e-12 1.4088263101456152e-15
2528.92 1.3166859450855926e-12 1.447064365771347e-15
2538.92 1.5863453765924147e-12 1.5643977340975316e-15
2548.92 1.8143431291158087e-12 1.5591373013547464e-15
2558.92 2.3721493097174954e-12 1.7928539003936266e-15
2568.92 3.1815296231678372e-12 2.0235443318558514e-15
2578.92 3.5131260412666543e-12 2.1139935048419415e-15
2588.92 3.4170193330016266e-12 2.1024092610848154e-15
2598.92 2.5178937348342207e-12 1.8328612254174e-15
2608.92 2.3683953869289187e-12 1.7244082468675212e-15
2618.92 2.8903561356168e-12 1.8939212917819062e-15
2628.92 2.60973296723264e-12 1.4933287044197896e-15
2638.92 6.20634342227571e-12 2.231543381469989e-15
2648.92 6.025309732422833e-12 2.8871535062794888e-15
2658.92 7.142385364387694e-12 3.770760287404251e-15
2668.92 6.184860085159021e-12 3.545249105024912e-15
2678.92 6.7342128873099875e-12 3.654224875284269e-15
2688.92 6.146780950587576e-12 3.513490677502024e-15
2698.92 6.772450293551617e-12 3.7204576103655764e-15
2708.92 7.256582918302485e-12 3.781575882300144e-15
2718.92 5.469266611224807e-12 3.295933251622708e-15
2728.92 6.559375353861552e-12 3.667826986218624e-15
2738.92 4.528553886520306e-12 3.1134688829665744e-15
2748.92 4.271497002388129e-12 2.9726407982423145e-15
2758.92 5.807437588486585e-12 3.5337222113648293e-15
2768.92 7.573352624019581e-12 4.003625002608136e-15
2778.92 6.0911656422346765e-12 3.60984825286623e-15
2788.92 4.647325361695047e-12 3.677723848300913e-15
2794.352 2.5647934588657464e-12 4.5421518188870154e-15
2794.402 1.8710279634839883e-12 3.231614430406363e-14
2794.452 1.9038980200913677e-12 3.2080899399354733e-14
2794.5020000000004 1.8883460398003645e-12 3.164266962173976e-14
2794.5520000000006 1.79811854954842e-12 3.1649556666384854e-14
2794.6020000000008 1.7503711114647578e-12 3.147796395290202e-14
2794.652000000001 1.7810243530190478e-12 3.102220291898055e-14
2794.702000000001 1.6262741513160553e-12 3.0089491716354394e-14
2794.7520000000013 1.6700929986806468e-12 3.0329208138598064e-14
2794.8020000000015 1.59094514216853e-12 3.0215706735080994e-14
2794.8520000000017 1.628441613618106e-12 2.98674962882872e-14
2794.902000000002 1.527815232908216e-12 2.8999587322595606e-14
2794.952000000002 1.4578357958806734e-12 2.8020522656319207e-14
2795.002000000002 1.5310408459125183e-12 2.8416042140839786e-14
2795.0520000000024 1.4120063508966465e-12 2.769648523239347e-14
2795.1020000000026 1.403511602622318e-12 2.8007584766019546e-14
2795.1520000000028 1.3429187036774642e-12 2.675963723611332e-14
2795.202000000003 1.246098793381491e-12 2.6326805151736516e-14
2795.252000000003 1.2503863107923058e-12 2.6324724226512154e-14
2795.3020000000033 1.2237723815686424e-12 2.5560266197883363e-14
2795.3520000000035 1.2097222551635727e-12 2.525824225693691e-14
2795.4020000000037 1.1701724537414577e-12 2.5570979654499218e-14
2795.452000000004 1.0263833059426459e-12 2.4096259694264872e-14
2795.502000000004 8.993744569974006e-13 2.3631017615692746e-14
2795.552000000004 8.108587696629022e-13 2.1419221488679385e-14
2795.6020000000044 5.799854095894475e-13 2.1084059370110743e-14
2795.6520000000046 4.4382308015729576e-13 1.923024393351393e-14
2795.702000000005 7.566425981027192e-13 2.1752178800516235e-14
2795.752000000005 8.488178595468963e-13 2.255219056304715e-14
2795.802000000005 8.930894850771264e-13 2.3452155840033268e-14
2795.8520000000053 9.597332324663495e-13 2.3535224922708795e-14
2795.9020000000055 1.4446443999354487e-12 2.673786294958352e-14
2795.9520000000057 2.1470248224932096e-12 3.2539330579238986e-14
2796.002000000006 3.2936410262912474e-12 3.874988617350348e-14
2796.052000000006 4.681320662460874e-12 4.561611387484123e-14
2796.1020000000062 6.505040758938579e-12 5.336547385342716e-14
2796.1520000000064 7.431491983632376e-12 5.602311682218573e-14
2796.2020000000066 6.975985814834909e-12 5.459650087761737e-14
2796.252000000007 5.341044870135037e-12 4.834646523933345e-14
2796.302000000007 4.126845773946838e-12 4.285352037624792e-14
2796.352000000007 2.312014796752223e-12 3.309276529569149e-14
2796.4020000000073 5.441950394998789e-13 1.9951124122262686e-14
2796.4520000000075 4.342925392907512e-12 4.3643828193898264e-14
2796.5020000000077 5.778081437441953e-12 4.9462264841252964e-14
2796.552000000008 6.35240945208292e-12 5.1535723441569695e-14
2796.602000000008 5.538628797294665e-12 4.87650105577328e-14
2796.6520000000082 4.141589502044743e-12 4.238407876859668e-14
2796.7020000000084 2.730708484289239e-12 3.516897396965756e-14
2796.7520000000086 1.8217569283233935e-12 2.999946682696389e-14
2796.802000000009 1.2805291233814881e-12 2.6221755598004154e-14
2796.852000000009 1.050532100327896e-12 2.4106172272673987e-14
2796.902000000009 8.994948604023388e-13 2.321507330739474e-14
2796.9520000000093 8.987372845898804e-13 2.2987812693413057e-14
2797.0020000000095 8.828591195953986e-13 2.2561099068434496e-14
2797.0520000000097 9.291681464243918e-13 2.214741038369311e-14
2797.10200000001 9.459097703987875e-13 2.3156719851467273e-14
2797.15200000001 9.93636623509744e-13 2.3000403859010945e-14
2797.2020000000102 1.0501147061116332e-12 2.3711009452284453e-14
2797.2520000000104 1.1135972684446844e-12 2.3721586414741413e-14
2797.3020000000106 1.1205768442119213e-12 2.4226513396253388e-14
2797.352000000011 1.2190487090840896e-12 2.5163576971290247e-14
2797.402000000011 1.177352828462659e-12 2.5345039069615947e-14
2797.452000000011 1.1743045150796582e-12 2.4444797066473824e-14
2797.5020000000113 1.3165446385052539e-12 2.5830136505718146e-14
2797.5520000000115 1.2913485637414615e-12 2.56907672226048e-14
2797.6020000000117 1.4360910920010888e-12 2.6494551897597868e-14
2797.652000000012 1.4100092415282976e-12 2.633860701976792e-14
2797.702000000012 1.395270639100553e-12 2.6543796553097903e-14
2797.7520000000122 1.551337388088061e-12 2.6135152668257952e-14
2797.8020000000124 1.6282412890522229e-12 2.8002663446438705e-14
2797.8520000000126 1.8155244765900238e-12 2.907982888875718e-14
2797.902000000013 1.8998612856649845e-12 3.028720398622345e-14
2797.952000000013 1.7205625567294836e-12 2.8941172597894055e-14
2798.002000000013 1.7054405066803243e-12 2.8639122627993517e-14
2798.0520000000133 1.7598980899717016e-12 2.894136550188979e-14
2798.1020000000135 1.668750972777427e-12 2.830350209383289e-14
2798.1520000000137 1.7686668911859406e-12 2.9009168397044074e-14
2798.202000000014 1.6980587292873884e-12 2.8685205588650766e-14
2798.252000000014 1.7916134919159522e-12 2.870821131204554e-14
2798.3020000000142 1.8042075504018547e-12 2.942933569089851e-14
2798.352 1.9014066043966525e-12 5.3888904043078856e-15
2801.53 2.4060629991419492e-12 6.152439952177035e-15
2801.5800000000004 1.872109282609435e-12 3.266517645094603e-14
2801.6300000000006 1.968135011162063e-12 3.2687507738167806e-14
2801.6800000000007 2.1037067380746775e-12 3.4789892504757935e-14
2801.730000000001 2.072888956151763e-12 3.358791122177111e-14
2801.780000000001 1.9270873267014577e-12 3.335351906578281e-14
2801.8300000000013 1.7124463031796238e-12 3.253204854363283e-14
2801.8800000000015 9.330152944871782e-13 2.5461441845561276e-14
2801.9300000000017 5.889159034541598e-13 2.2154981825640294e-14
2801.980000000002 1.5827601103084957e-12 3.1700389848807316e-14
2802.030000000002 1.8948875744352126e-12 3.3930846152317125e-14
2802.080000000002 1.832217305879053e-12 3.327480604782196e-14
2802.1300000000024 1.8995230527284683e-12 3.368947208847038e-14
2802.1800000000026 1.7960268936511236e-12 3.2774817689018566e-14
2802.2300000000027 1.730095378378236e-12 3.3392538412586516e-14
2802.280000000003 1.7105788244945285e-12 3.266450157568202e-14
2802.330000000003 1.712288793970283e-12 3.323932362558445e-14
2802.3800000000033 1.5936383076400278e-12 3.2109159320007063e-14
2802.4300000000035 1.5232517217270763e-12 3.164493009723922e-14
2802.4800000000037 1.5165926966699912e-12 3.259006985162808e-14
2802.530000000004 1.4532968985009077e-12 3.096527742060312e-14
2802.580000000004 1.3789628707866851e-12 3.058231248723463e-14
2802.630000000004 1.4493068015927946e-12 3.146271046561036e-14
2802.6800000000044 1.348984651021786e-12 3.138837277619331e-14
2802.7300000000046 1.1880309818038359e-12 2.9733337730031946e-14
2802.7800000000047 1.2445767765255853e-12 3.0007561741635583e-14
2802.830000000005 1.181237127605579e-12 2.08675596990268e-14
2802.880000000005 1.0810990778258582e-12 1.96220051066806e-14
2802.9300000000053 1.1019375286647514e-12 1.976454692312531e-14
2802.9800000000055 1.1172645708656031e-12 1.976566473558173e-14
2803.0300000000057 1.1367350443868136e-12 1.9681709248973046e-14
2803.080000000006 1.2037491851184017e-12 2.0625121359984015e-14
2803.130000000006 1.4657465900251923e-12 2.2323781666545353e-14
2803.180000000006 2.21167349720646e-12 2.6026972203974445e-14
2803.2300000000064 3.2681728953974074e-12 3.099220238179265e-14
2803.2800000000066 4.608300248054622e-12 3.6014820706771496e-14
2803.3300000000067 5.806203284649843e-12 4.004515263804274e-14
2803.380000000007 5.761517262303969e-12 4.03170726484563e-14
2803.430000000007 4.62451036376807e-12 3.6757919726755194e-14
2803.4800000000073 3.4557458776102118e-12 3.201790777121583e-14
2803.5300000000075 2.3325297981588565e-12 2.8100803084774775e-14
2803.5800000000077 7.262998935631141e-13 1.830024414978143e-14
2803.630000000008 3.5134227384840854e-12 3.2378169755193614e-14
2803.680000000008 4.887312890216815e-12 3.766254615652399e-14
2803.730000000008 5.038726008846116e-12 3.848481205729388e-14
2803.7800000000084 4.1199795134283754e-12 3.5067056196973515e-14
2803.8300000000086 3.03042754402376e-12 3.0966917134476954e-14
2803.8800000000087 2.0487135572888204e-12 2.6128063815988254e-14
2803.930000000009 1.426992337940673e-12 2.303192932711293e-14
2803.980000000009 1.0040430010317036e-12 2.0118192744111522e-14
2804.0300000000093 9.782017247697366e-13 2.0147556678389325e-14
2804.0800000000095 1.008235671618057e-12 2.0573677501820276e-14
2804.1300000000097 1.1270554103430246e-12 2.1459636837848524e-14
2804.18000000001 1.1362188706647597e-12 2.1247396015355982e-14
2804.23000000001 1.2481995709509538e-12 2.218490610650431e-14
2804.28000000001 1.300842658427616e-12 2.7006683298404545e-14
2804.3300000000104 1.324398174620474e-12 2.927983683132496e-14
2804.3800000000106 1.4125382611797791e-12 2.921192202768127e-14
2804.4300000000108 1.3134224876637825e-12 2.7613855164444365e-14
2804.480000000011 1.547939610041353e-12 2.945377211311003e-14
2804.530000000011 1.557754654213161e-12 3.0570636236999907e-14
2804.5800000000113 1.6374776409224467e-12 3.080152224193384e-14
2804.6300000000115 1.8013959099006445e-12 3.2270015249091327e-14
2804.6800000000117 1.6044435084869387e-12 3.057069970567196e-14
2804.730000000012 1.6930349307122915e-12 3.103951027248043e-14
2804.780000000012 1.934629397734297e-12 3.314572142037953e-14
2804.830000000012 2.0159358675398435e-12 3.385359722537875e-14
2804.8800000000124 2.037988655231483e-12 3.377806847823004e-14
2804.9300000000126 2.0340738117537492e-12 3.274018885216413e-14
2804.9800000000128 2.0353182427234457e-12 3.26688429442302e-14
2805.030000000013 2.066285566307285e-12 3.431527310733321e-14
2805.080000000013 2.197036744369486e-12 3.388301517816638e-14
2805.1300000000133 2.1601995645919593e-12 3.304572615988188e-14
2805.1800000000135 2.2931797845327178e-12 3.4262637607074216e-14
2805.2300000000137 2.303004167892106e-12 3.438844551469551e-14
2805.280000000014 2.2275193430053666e-12 3.443922572138494e-14
2805.330000000014 1.1548009997296176e-12 2.7107688118998387e-14
2805.380000000014 1.5584719507179815e-12 2.91676201672413e-14
2805.4300000000144 2.4278910634566153e-12 3.5096788660275234e-14
2805.4800000000146 2.486687477735253e-12 3.513520889629006e-14
2805.53 3.8904570470860296e-12 4.205116227903501e-15
2815.53 6.798243099928679e-12 3.876712400314648e-15
2825.53 8.98911844796002e-12 4.439387961277857e-15
2835.53 9.979286498526458e-12 4.7005293240405755e-15
2845.53 7.361965266242462e-12 4.1147188897049125e-15
2855.53 4.4067902065423655e-12 3.303861637094536e-15
2865.53 1.0283935384914005e-11 5.164419063072113e-15
2875.53 1.0376574952385564e-11 5.222873108000162e-15
2885.53 8.6228352266019e-12 4.605327713580132e-15
2895.53 1.2486302460322426e-11 5.9231144777895085e-15
2905.53 1.6910505632073822e-11 6.883088085853164e-15
2915.53 1.5716557823430888e-11 6.7180577846449895e-15
2925.53 1.282658065897049e-11 6.159032271734059e-15
2935.53 1.5155449726710253e-11 6.6656303807934396e-15
2945.53 1.3786594983010331e-11 6.459046155479087e-15
2955.53 1.60525097098251e-11 7.057077033900807e-15
2965.53 1.3600708242030488e-11 6.6931117443954676e-15
2975.53 1.5049274307463712e-11 7.110932237885503e-15
2985.53 1.0740067928878472e-11 6.111526875444995e-15
2995.53 1.4086228829009394e-11 7.181814053126159e-15
3005.53 9.743565947822659e-12 6.205452054731391e-15
3015.53 1.3374522515937951e-11 7.153938890342532e-15
3025.53 1.3852700682136168e-11 7.52450240739286e-15
3035.53 1.742101738795541e-11 8.839088074962499e-15
3045.53 1.6365921427580103e-11 8.844181094536218e-15
3055.53 1.626914030308266e-11 8.957624295669296e-15
3065.53 1.6304059220320075e-11 9.262251483626892e-15
3075.53 1.8261506685144958e-11 9.84535761095874e-15
