reference_uv_spectra/lya_masked/G2-5800-alfcen_sun-hst_kurucz_whi.spec
# %ECSV 0.9
# ---
# datatype:
# - {name: w, datatype: float64}
# - {name: f, datatype: float64}
# - {name: e, datatype: float64}
# meta: !!omap
# - {distance: 10}
# - {w0: 1170.0}
# - {filename: G2-5800-alfcen_sun-hst_kurucz_whi.spec}
# schema: astropy-2.0
w f e
[from data line 2118]
6915.530000000001 3.420240097896876e-11 0.0
6925.530000000001 3.4289771849743336e-11 0.0
6935.530000000001 3.434172686979843e-11 0.0
6945.530000000001 3.411130700251162e-11 0.0
6955.530000000001 3.4146326471031775e-11 0.0
6965.530000000001 3.4129224237346514e-11 0.0
6975.530000000001 3.3742882352079735e-11 0.0
6985.530000000001 3.3836603891972494e-11 0.0
6995.530000000001 3.419230079852734e-11 0.0
7005.530000000001 3.311609189712995e-11 0.0
7015.530000000001 3.269913095494287e-11 0.0
7025.530000000001 3.321558023031878e-11 0.0
7035.530000000001 3.323472962627905e-11 0.0
7045.530000000001 3.3656029709572466e-11 0.0
7055.530000000001 3.337992628080857e-11 0.0
7065.530000000001 3.306042366907816e-11 0.0
7075.530000000001 3.3119320176117357e-11 0.0
7085.530000000001 3.295911298702437e-11 0.0
7095.530000000001 3.280430819832587e-11 0.0
7105.530000000001 3.3202257841408316e-11 0.0
7115.530000000001 3.255453516175539e-11 0.0
7125.530000000001 3.250931745155922e-11 0.0
7135.530000000001 3.2322752856885996e-11 0.0
7145.530000000001 3.208480487224712e-11 0.0
7155.530000000001 3.2169385834763246e-11 0.0
7165.530000000001 3.174737092071184e-11 0.0
7175.530000000001 3.2376028287295223e-11 0.0
7185.530000000001 3.109551443636939e-11 0.0
7195.530000000001 3.127325479104797e-11 0.0
7205.530000000001 3.145690230689007e-11 0.0
7215.530000000001 3.201190221676732e-11 0.0
7225.530000000001 3.1267047224535754e-11 0.0
7235.530000000001 3.215677047955604e-11 0.0
7245.530000000001 3.1809103659246104e-11 0.0
7255.530000000001 3.1792730741723084e-11 0.0
7265.530000000001 3.151626677648745e-11 0.0
7275.530000000001 3.1683005251117975e-11 0.0
7285.530000000001 3.1049732090450396e-11 0.0
7295.530000000001 3.047960848282879e-11 0.0
7305.530000000001 3.11473516047336e-11 0.0
7315.530000000001 3.118821315910998e-11 0.0
7325.530000000001 3.0786254582263885e-11 0.0
7335.530000000001 3.1264163118391747e-11 0.0
7345.530000000001 3.1418054525904e-11 0.0
7355.530000000001 3.073673976012742e-11 0.0
7365.530000000001 3.08665748714533e-11 0.0
7375.530000000001 3.113464089901958e-11 0.0
7385.530000000001 3.010835667981389e-11 0.0
7395.530000000001 3.0302919250996777e-11 0.0
7405.530000000001 3.026397259341425e-11 0.0
7415.530000000001 2.925582382010961e-11 0.0
7425.530000000001 2.976165480141211e-11 0.0
7435.530000000001 3.059157813447338e-11 0.0
7445.530000000001 2.968570739952399e-11 0.0
7455.530000000001 3.042529444999051e-11 0.0
7465.530000000001 3.022891105967357e-11 0.0
7475.530000000001 3.021119807004678e-11 0.0
7485.530000000001 3.021027420780719e-11 0.0
7495.530000000001 2.9484602954616444e-11 0.0
7505.530000000001 3.017374958930274e-11 0.0
7515.530000000001 2.955881038236135e-11 0.0
7525.530000000001 2.9683434458200195e-11 0.0
7535.530000000001 2.9957215886201385e-11 0.0
7545.530000000001 3.003221346341659e-11 0.0
7555.530000000001 2.966789579673593e-11 0.0
7565.530000000001 2.953292351161689e-11 0.0
7575.530000000001 2.9462079034411746e-11 0.0
7585.530000000001 2.913053389975479e-11 0.0
7595.530000000001 2.962839517088941e-11 0.0
7605.530000000001 2.931017338124988e-11 0.0
7615.530000000001 2.8964044122544673e-11 0.0
7625.530000000001 2.8987889999367444e-11 0.0
7635.530000000001 2.958197274874254e-11 0.0
7645.530000000001 2.9494854041817764e-11 0.0
7655.530000000001 2.8673690733862565e-11 0.0
7665.530000000001 2.7435185881673304e-11 0.0
7675.530000000001 2.9140567533820336e-11 0.0
7685.530000000001 2.8931017987609836e-11 0.0
7695.530000000001 2.858385609410326e-11 0.0
7705.530000000001 2.8720408598483576e-11 0.0
7715.530000000001 2.816441931301107e-11 0.0
7725.530000000001 2.803329969517039e-11 0.0
7735.530000000001 2.8784906578326916e-11 0.0
7745.530000000001 2.783590312186462e-11 0.0
7755.530000000001 2.8181863887905107e-11 0.0
7765.530000000001 2.8588637283925018e-11 0.0
7775.530000000001 2.8059030012505094e-11 0.0
7785.530000000001 2.8504380485767072e-11 0.0
7795.530000000001 2.809714945190386e-11 0.0
7805.530000000001 2.80958206363862e-11 0.0
7815.530000000001 2.8028385031508816e-11 0.0
7825.530000000001 2.8088154555133544e-11 0.0
7835.530000000001 2.7409777014731747e-11 0.0
7845.530000000001 2.804268543695066e-11 0.0
7855.530000000001 2.7301753608334132e-11 0.0
7865.530000000001 2.800135655276823e-11 0.0
7875.530000000001 2.7652692433793614e-11 0.0
7885.530000000001 2.7631408669678294e-11 0.0
7895.530000000001 2.764030501771479e-11 0.0
7905.530000000001 2.7540795326444612e-11 0.0
7915.530000000001 2.681878749390329e-11 0.0
7925.530000000001 2.7255885945627685e-11 0.0
7935.530000000001 2.6283440209452116e-11 0.0
7945.530000000001 2.6209237172765716e-11 0.0
7955.530000000001 2.706976914027157e-11 0.0
7965.530000000001 2.7104081133355495e-11 0.0
7975.530000000001 2.704869781259646e-11 0.0
7985.530000000001 2.702116952267623e-11 0.0
7995.530000000001 2.6934354365275873e-11 0.0
8005.530000000001 2.649163893467368e-11 0.0
8015.530000000001 2.683353200918288e-11 0.0
8025.530000000001 2.6539719981477468e-11 0.0
8035.530000000001 2.6528200765326026e-11 0.0
8045.530000000001 2.6119895724078294e-11 0.0
8055.530000000001 2.6399254200085083e-11 0.0
8065.530000000001 2.6651747163848653e-11 0.0
8075.530000000001 2.618830402771099e-11 0.0
8085.530000000001 2.6011635414468794e-11 0.0
8095.530000000001 2.568361617353703e-11 0.0
8105.530000000001 2.613203568094271e-11 0.0
8115.530000000001 2.6128117233898285e-11 0.0
8125.530000000001 2.61197655349846e-11 0.0
8135.530000000001 2.6176768970431424e-11 0.0
8145.530000000001 2.6065885654487082e-11 0.0
8155.530000000001 2.58311132358842e-11 0.0
8165.530000000001 2.5806762803007032e-11 0.0
8175.530000000001 2.5862322347506968e-11 0.0
8185.530000000001 2.495629495868442e-11 0.0
8195.53 2.492362725964579e-11 0.0
8205.53 2.5010341370809216e-11 0.0
8215.53 2.5087791349874637e-11 0.0
8225.53 2.500395680598417e-11 0.0
8235.53 2.4920145740801446e-11 0.0
8245.53 2.514902268727431e-11 0.0
8255.53 2.5114452113301028e-11 0.0
8265.53 2.5364264788316168e-11 0.0
8275.53 2.524347983270512e-11 0.0
8285.53 2.531108354728775e-11 0.0
8295.53 2.491662927151423e-11 0.0
8305.53 2.461446931828133e-11 0.0
8315.53 2.4656675377443724e-11 0.0
8325.53 2.4330465310459704e-11 0.0
8335.53 2.4414697082981576e-11 0.0
8345.53 2.4233808716897288e-11 0.0
8355.53 2.4788103744119397e-11 0.0
8365.53 2.442667709629804e-11 0.0
8375.53 2.4719003573797755e-11 0.0
8385.53 2.3903994277786128e-11 0.0
8395.53 2.4285930062928005e-11 0.0
8405.53 2.4465821060380044e-11 0.0
8415.53 2.4294077339317832e-11 0.0
8425.53 2.3990059424786436e-11 0.0
8435.53 2.3984759457004753e-11 0.0
8445.53 2.376349214211022e-11 0.0
8455.53 2.423774861743603e-11 0.0
8465.53 2.3800733807155272e-11 0.0
8475.53 2.3748008040502426e-11 0.0
8485.53 2.4020326254673206e-11 0.0
8495.53 2.231296362953648e-11 0.0
8505.53 2.2417140272017445e-11 0.0
8515.53 2.3071626947389652e-11 0.0
8525.53 2.3385052535351024e-11 0.0
8535.53 2.2777240227030706e-11 0.0
8545.53 1.6741637572915548e-11 0.0
8555.53 2.2942731735945767e-11 0.0
8565.53 2.3604072147999552e-11 0.0
8575.53 2.355677829323994e-11 0.0
8585.53 2.2960472636867245e-11 0.0
8595.53 2.3135189382299426e-11 0.0
8605.53 2.314528973672406e-11 0.0
8615.53 2.284284749222791e-11 0.0
8625.53 2.3179128646790058e-11 0.0
8635.53 2.3224879005669173e-11 0.0
8645.53 2.321362333497307e-11 0.0
8655.53 2.242272794437848e-11 0.0
8665.53 1.7327876882320587e-11 0.0
8675.53 2.2048511423874834e-11 0.0
8685.53 2.2336809532294343e-11 0.0
8695.53 2.213697820515716e-11 0.0
8705.53 2.272483699327647e-11 0.0
8715.53 2.2365601856273902e-11 0.0
8725.53 2.2832342810080206e-11 0.0
8735.53 2.2349623937282185e-11 0.0
8745.53 2.2358041389979193e-11 0.0
8755.53 2.163912198206362e-11 0.0
8765.53 2.260177019658763e-11 0.0
8775.53 2.230479795193821e-11 0.0
8785.53 2.2562249669355256e-11 0.0
8795.53 2.191767815672928e-11 0.0
8805.53 2.1286606787054673e-11 0.0
8815.53 2.2058250010583285e-11 0.0
8825.53 2.1751432951521183e-11 0.0
8835.53 2.2099393283268665e-11 0.0
8845.53 2.178139098224332e-11 0.0
8855.53 2.2188179789233617e-11 0.0
8865.53 2.0625563329180023e-11 0.0
8875.53 2.180500247714836e-11 0.0
8885.53 2.1974188450787998e-11 0.0
8895.53 2.1894122704104835e-11 0.0
8905.53 2.2052970790410424e-11 0.0
8915.53 2.1831054098508915e-11 0.0
8925.53 2.127936140423144e-11 0.0
8935.53 2.1661886022206936e-11 0.0
8945.53 2.1189753547747298e-11 0.0
8955.53 2.171478133455057e-11 0.0
8965.53 2.1493497360857895e-11 0.0
8975.53 2.1409942583701924e-11 0.0
8985.53 2.1532057169737204e-11 0.0
8995.53 2.1399934335684972e-11 0.0
9005.53 2.0795569668025127e-11 0.0
9015.53 1.968299368169575e-11 0.0
9025.53 2.078505437875647e-11 0.0
9035.53 2.125901060433088e-11 0.0
9045.53 2.140867215801932e-11 0.0
9055.53 2.128669092669662e-11 0.0
9065.53 2.0647295290792336e-11 0.0
9075.53 2.1026963703079134e-11 0.0
9085.53 2.0528564599562865e-11 0.0
9095.53 2.0063957460973796e-11 0.0
9105.53 2.0700138094298318e-11 0.0
9115.53 2.031151918671889e-11 0.0
9125.53 2.0748588201224042e-11 0.0
9135.53 2.094311752900014e-11 0.0
9145.53 2.0531062224004508e-11 0.0
9155.53 2.0664867389087974e-11 0.0
9165.53 2.0590976267162498e-11 0.0
9175.53 2.0294130509710155e-11 0.0
9185.53 2.051169143284094e-11 0.0
9195.53 2.0498997796929273e-11 0.0
9205.53 2.0177962394261045e-11 0.0
9215.53 1.951977704586635e-11 0.0
9225.53 1.9614797192124634e-11 0.0
9235.53 1.9082853161729622e-11 0.0
9245.53 1.980228051399814e-11 0.0
9255.53 1.9565295152739722e-11 0.0
9265.53 1.9684545910112707e-11 0.0
9275.53 2.018863775058565e-11 0.0
9285.53 2.0088212226286482e-11 0.0
9295.53 1.9719006120820158e-11 0.0
9305.53 1.9982626663082373e-11 0.0
9315.53 1.9883785062693945e-11 0.0
9325.53 1.9794733030050356e-11 0.0
9335.53 1.9880472844313767e-11 0.0
9345.53 1.983618357096508e-11 0.0
9355.53 1.9551282382462882e-11 0.0
9365.53 1.951568143594383e-11 0.0
9375.53 1.9615470971274672e-11 0.0
9385.53 1.9616542721326975e-11 0.0
9395.53 1.944390864528273e-11 0.0
9405.53 1.9022756427326546e-11 0.0
9415.53 1.8328229540333555e-11 0.0
9425.53 1.9400890738482316e-11 0.0
9435.53 1.9016750578412577e-11 0.0
9445.53 1.8856189091610786e-11 0.0
9455.53 1.9192069793982946e-11 0.0
9465.53 1.916634474791427e-11 0.0
9475.53 1.924941505760921e-11 0.0
9485.53 1.9223266534475115e-11 0.0
9495.53 1.922232535895091e-11 0.0
9505.53 1.9039125246613e-11 0.0
9515.53 1.9068464799891553e-11 0.0
9525.53 1.9013504178761977e-11 0.0
9535.53 1.8759681653602065e-11 0.0
9545.53 1.7785249354884915e-11 0.0
9555.53 1.840543127375418e-11 0.0
9565.53 1.8844198992228328e-11 0.0
9575.53 1.8472704835050708e-11 0.0
9585.53 1.8838102935059866e-11 0.0
9595.53 1.878130325180032e-11 0.0
9605.53 1.837899679988068e-11 0.0
9615.53 1.8778125983423982e-11 0.0
9625.53 1.824285120359284e-11 0.0
9635.53 1.8433784860657738e-11 0.0
9645.53 1.840944218187222e-11 0.0
9655.53 1.8210351495211623e-11 0.0
9665.53 1.826362075493554e-11 0.0
9675.53 1.8187359677961448e-11 0.0
9685.53 1.8442327510594764e-11 0.0
9695.53 1.8271165400931195e-11 0.0
9705.53 1.817958485838832e-11 0.0
9715.53 1.8324914998221718e-11 0.0
9725.53 1.8276701187465835e-11 0.0
9735.53 1.8042160832996787e-11 0.0
9745.53 1.779753509988119e-11 0.0
9755.53 1.8205264265069776e-11 0.0
9765.53 1.7872311185646334e-11 0.0
9775.53 1.806480829843344e-11 0.0
9785.53 1.7745628150136994e-11 0.0
9795.53 1.7926813419279333e-11 0.0
9805.53 1.7853449924693144e-11 0.0
9815.53 1.7980110822551717e-11 0.0
9825.53 1.786963379470879e-11 0.0
9835.53 1.775703616390412e-11 0.0
9845.53 1.778157380738125e-11 0.0
9855.53 1.778071771090088e-11 0.0
9865.53 1.7613554236602333e-11 0.0
9875.53 1.7576228242304368e-11 0.0
9885.53 1.7680235908128627e-11 0.0
9895.53 1.7357112528934593e-11 0.0
9905.53 1.7409044883100056e-11 0.0
9915.53 1.744808933442681e-11 0.0
9925.53 1.758784931817789e-11 0.0
9935.53 1.749182984675771e-11 0.0
9945.53 1.750215476382564e-11 0.0
9955.53 1.7401464656209606e-11 0.0
9965.53 1.7403006310492243e-11 0.0
9975.53 1.73922116157857e-11 0.0
9985.53 1.7312200393203626e-11 0.0
9995.53 1.725505990774653e-11 0.0
10005.53 1.7269593151187387e-11 0.0
10015.53 1.7277577900396134e-11 0.0
10025.53 1.714744602321036e-11 0.0
10035.53 1.6922174612902315e-11 0.0
10045.53 1.6638486139999548e-11 0.0
10055.53 1.581660630513199e-11 0.0
10065.53 1.6809381911299277e-11 0.0
10075.53 1.6998219004086303e-11 0.0
10085.53 1.6899595655122505e-11 0.0
10095.53 1.6970306439275705e-11 0.0
10105.53 1.686772002573022e-11 0.0
10115.53 1.6889839918860904e-11 0.0
10125.53 1.6755197739586175e-11 0.0
10135.53 1.68184140108816e-11 0.0
10145.53 1.6525022765705395e-11 0.0
10155.53 1.6629026100433144e-11 0.0
10165.53 1.63788602953203e-11 0.0
10175.53 1.6698332363659375e-11 0.0
10185.53 1.6298593224784793e-11 0.0
10195.53 1.626967783176726e-11 0.0
10205.53 1.6477852500069925e-11 0.0
10215.53 1.6195109665710608e-11 0.0
10225.53 1.640610314664901e-11 0.0
10235.53 1.6495972971466078e-11 0.0
10245.53 1.640135544759678e-11 0.0
10255.53 1.6432490434725764e-11 0.0
10265.53 1.6350796061594845e-11 0.0
10275.53 1.6363814922942863e-11 0.0
10285.53 1.634683934044555e-11 0.0
10295.53 1.6087006591030923e-11 0.0
10305.53 1.6174236748872713e-11 0.0
10315.53 1.6173192220939972e-11 0.0
10325.53 1.6027128449361756e-11 0.0
10335.53 1.5917824698202795e-11 0.0
10345.53 1.572969869246284e-11 0.0
10355.53 1.6010383270660175e-11 0.0
10365.53 1.6041188410409006e-11 0.0
10375.53 1.5651161922160205e-11 0.0
10385.53 1.5881682143266273e-11 0.0
10395.53 1.568568743970611e-11 0.0
10405.53 1.5835136764540936e-11 0.0
10415.53 1.58838851307674e-11 0.0
10425.53 1.5619309632607255e-11 0.0
10435.53 1.57701347235222e-11 0.0
10445.53 1.578036102529276e-11 0.0
10455.53 1.540039356143296e-11 0.0
10465.53 1.549982624196312e-11 0.0
10475.53 1.5470163548590392e-11 0.0
10485.53 1.5608731329937142e-11 0.0
10495.53 1.556567484746695e-11 0.0
10505.53 1.5542689131736552e-11 0.0
10515.53 1.5485201059461815e-11 0.0
10525.53 1.5493302856506006e-11 0.0
10535.53 1.5250797699355624e-11 0.0
10545.53 1.544229089208121e-11 0.0
10555.53 1.5430896311264008e-11 0.0
10565.53 1.5381452095787616e-11 0.0
10575.53 1.5347650365309045e-11 0.0
10585.53 1.4656416915871444e-11 0.0
10595.53 1.5309101505386724e-11 0.0
10605.53 1.4784164923568085e-11 0.0
10615.53 1.5145441423547237e-11 0.0
10625.53 1.5087462084707122e-11 0.0
10635.53 1.5010150579239077e-11 0.0
10645.53 1.5180394739646542e-11 0.0
10655.53 1.5126670693406628e-11 0.0
10665.53 1.4589946534117154e-11 0.0
10675.53 1.5028547430937295e-11 0.0
10685.53 1.443092951764109e-11 0.0
10695.53 1.4048501746276114e-11 0.0
10705.53 1.482001855982264e-11 0.0
10715.53 1.4796427968433424e-11 0.0
10725.53 1.45812155549964e-11 0.0
10735.53 1.4495782382803812e-11 0.0
10745.53 1.4652894577090593e-11 0.0
10755.53 1.4228430245455443e-11 0.0
10765.53 1.4724516926018173e-11 0.0
10775.53 1.470494094471773e-11 0.0
10785.53 1.4114855461515954e-11 0.0
10795.53 1.4585810151194344e-11 0.0
10805.53 1.459435171865238e-11 0.0
10815.53 1.3950643997324642e-11 0.0
10825.53 1.3760081391324683e-11 0.0
10835.53 1.415557173849223e-11 0.0
10845.53 1.4292003384857908e-11 0.0
10855.53 1.4522284994760444e-11 0.0
10865.53 1.4216577716714707e-11 0.0
10875.53 1.3603246631750404e-11 0.0
10885.53 1.3884170358884844e-11 0.0
10895.53 1.4132466384853159e-11 0.0
10905.53 1.4294449636359544e-11 0.0
10915.53 1.4019831322339061e-11 0.0
10925.53 1.4091345726817211e-11 0.0
10935.53 1.3359500734182319e-11 0.0
10945.53 1.3066202685788722e-11 0.0
10955.53 1.3615725440908114e-11 0.0
10965.53 1.353437684052025e-11 0.0
10975.53 1.3875389657175137e-11 0.0
10985.53 1.3200536809845207e-11 0.0
10995.53 1.3925563705400638e-11 0.0
11005.53 1.3866579551240765e-11 0.0
11015.53 1.3577216961328084e-11 0.0
11025.53 1.3548562300383014e-11 0.0
11035.53 1.3773483792484057e-11 0.0
11045.53 1.3666279180577834e-11 0.0
11055.53 1.3725011724606576e-11 0.0
11065.53 1.3667596330485102e-11 0.0
11075.53 1.3628129996693331e-11 0.0
11085.53 1.3624129431533146e-11 0.0
11095.53 1.3611966099645763e-11 0.0
11105.53 1.3634141710254315e-11 0.0
11115.53 1.3509839555110419e-11 0.0
11125.53 1.3366688528495431e-11 0.0
