reference_uv_spectra/lya_masked/G2-5800-alfcen_sun-hst_kurucz_whi.spec
# %ECSV 0.9
# ---
# datatype:
# - {name: w, datatype: float64}
# - {name: f, datatype: float64}
# - {name: e, datatype: float64}
# meta: !!omap
# - {distance: 10}
# - {w0: 1170.0}
# - {filename: G2-5800-alfcen_sun-hst_kurucz_whi.spec}
# schema: astropy-2.0
w f e
[from data line 2995]
15685.53 6.006810427986433e-12 0.0
15695.53 6.022107558696649e-12 0.0
15705.53 6.189328178266212e-12 0.0
15715.53 6.186838339873184e-12 0.0
15725.53 6.09803347666609e-12 0.0
15735.53 6.186661567559339e-12 0.0
15745.53 5.825653925218536e-12 0.0
15755.53 5.783743824929213e-12 0.0
15765.53 5.749934518789132e-12 0.0
15775.53 5.555239888218805e-12 0.0
15785.53 6.0090008507199335e-12 0.0
15795.53 6.077897584281428e-12 0.0
15805.53 6.083890478326746e-12 0.0
15815.53 5.9984098557216786e-12 0.0
15825.53 5.712876419855088e-12 0.0
15835.53 5.906290476200196e-12 0.0
15845.53 5.9713221223598096e-12 0.0
15855.53 5.953397839834926e-12 0.0
15865.53 5.9534373798517106e-12 0.0
15875.53 5.785598702654561e-12 0.0
15885.53 5.565294215741295e-12 0.0
15895.53 5.304210852612353e-12 0.0
15905.53 5.526381981045708e-12 0.0
15915.53 5.703937499447676e-12 0.0
15925.53 5.937609881716797e-12 0.0
15935.53 5.9371477247489045e-12 0.0
15945.53 5.9902155619358464e-12 0.0
15955.53 5.8549298866038935e-12 0.0
15965.53 5.604945398359002e-12 0.0
15975.53 5.9541001316015705e-12 0.0
15985.53 5.923160621701184e-12 0.0
15995.53 5.802637212825653e-12 0.0
16005.53 5.778187968496814e-12 0.0
16015.53 5.7302161213473445e-12 0.0
16025.53 5.807284002217074e-12 0.0
16035.53 5.815996198077823e-12 0.0
16045.53 5.736163628730959e-12 0.0
16055.53 5.816634191827552e-12 0.0
16065.53 5.637996263765397e-12 0.0
16075.53 5.805543737605081e-12 0.0
16085.53 5.803868230673609e-12 0.0
16095.53 5.520630557840092e-12 0.0
16105.53 5.4886035192094315e-12 0.0
16115.53 5.621257156511281e-12 0.0
16125.53 5.656829973362615e-12 0.0
16135.53 5.701424738109045e-12 0.0
16145.53 5.70050343391955e-12 0.0
16155.53 5.467185866435787e-12 0.0
16165.53 5.409955538721837e-12 0.0
16175.53 5.6653922234541045e-12 0.0
16185.53 5.668600132694091e-12 0.0
16195.53 5.6632630857777995e-12 0.0
16205.53 5.309610647808787e-12 0.0
16215.53 5.531391691057799e-12 0.0
16225.53 5.632591955773297e-12 0.0
16235.53 5.719460613799541e-12 0.0
16245.53 5.595802966348142e-12 0.0
16255.53 5.649874716370353e-12 0.0
16265.53 5.6220240995075814e-12 0.0
16275.53 5.684779895325214e-12 0.0
16285.53 5.682655488709084e-12 0.0
16295.53 5.582110524526958e-12 0.0
16305.53 5.604737441420767e-12 0.0
16315.53 5.581657158231105e-12 0.0
16325.53 5.5539617222141345e-12 0.0
16335.53 5.416962987030867e-12 0.0
16345.53 5.562128007828538e-12 0.0
16355.53 5.558324096698353e-12 0.0
16365.53 5.341028812613065e-12 0.0
16375.53 5.4198061304693015e-12 0.0
16385.53 5.077041521924765e-12 0.0
16395.53 5.2843771233974015e-12 0.0
16405.53 5.229225755715592e-12 0.0
16415.53 5.1891794568290044e-12 0.0
16425.53 5.295234257778222e-12 0.0
16435.53 5.300028803496377e-12 0.0
16445.53 5.216608901275952e-12 0.0
16455.53 5.351083968486132e-12 0.0
16465.53 5.355439881146579e-12 0.0
16475.53 5.373620716875116e-12 0.0
16485.53 5.329199258907811e-12 0.0
16495.53 5.263272379777538e-12 0.0
16505.53 5.30515471115577e-12 0.0
16515.53 5.289538376296433e-12 0.0
16525.53 5.308872642660809e-12 0.0
16535.53 5.352776727361158e-12 0.0
16545.53 5.295747272049518e-12 0.0
16555.53 5.314027035445294e-12 0.0
16565.53 5.330714917529599e-12 0.0
16575.53 5.311147924802501e-12 0.0
16585.53 5.294154587994334e-12 0.0
16595.53 5.2394465709149386e-12 0.0
16605.53 5.317907464853192e-12 0.0
16615.53 5.307571104343675e-12 0.0
16625.53 5.250260332603118e-12 0.0
16635.53 5.235511371382583e-12 0.0
16645.53 5.222244390891495e-12 0.0
16655.53 5.16104600189027e-12 0.0
16665.53 5.183061708009678e-12 0.0
16675.53 5.153829034502493e-12 0.0
16685.53 5.0239911787316276e-12 0.0
16695.53 5.220608078530302e-12 0.0
16705.53 5.198600498887342e-12 0.0
16715.53 5.131401278670921e-12 0.0
16725.53 4.859910728895564e-12 0.0
16735.53 5.136057755392872e-12 0.0
16745.53 5.090181411543685e-12 0.0
16755.53 4.894905211561082e-12 0.0
16765.53 4.991558397877879e-12 0.0
16775.53 5.0636428530360784e-12 0.0
16785.53 4.96704480306902e-12 0.0
16795.53 4.903685692645176e-12 0.0
16805.53 4.6499344226205284e-12 0.0
16815.53 4.633414152051102e-12 0.0
16825.53 4.811885645095379e-12 0.0
16835.53 4.899253034103969e-12 0.0
16845.53 4.965099681373506e-12 0.0
16855.53 4.949162588107236e-12 0.0
16865.53 4.941137801654837e-12 0.0
16875.53 4.9030296155678806e-12 0.0
16885.53 4.97865654345891e-12 0.0
16895.53 4.820364752486821e-12 0.0
16905.53 4.971532034825994e-12 0.0
16915.53 4.963610798463739e-12 0.0
16925.53 4.976811512851564e-12 0.0
16935.53 4.948817304602469e-12 0.0
16945.53 4.94016383382712e-12 0.0
16955.53 4.935680547708434e-12 0.0
16965.53 4.91198132544223e-12 0.0
16975.53 4.8994925992201254e-12 0.0
16985.53 4.904231265190074e-12 0.0
16995.53 4.8558618414374735e-12 0.0
17005.53 4.795710135173163e-12 0.0
17015.53 4.792826067672387e-12 0.0
17025.53 4.760697566083115e-12 0.0
17035.53 4.761937523056222e-12 0.0
17045.53 4.846085345036257e-12 0.0
17055.53 4.814160592103192e-12 0.0
17065.53 4.782754539298312e-12 0.0
17075.53 4.6906022416148095e-12 0.0
17085.53 4.727124221505746e-12 0.0
17095.53 4.73162076436239e-12 0.0
17105.53 4.769260291068921e-12 0.0
17115.53 4.379392496806537e-12 0.0
17125.53 4.759281595451811e-12 0.0
17135.53 4.7658673079781076e-12 0.0
17145.53 4.764259915952831e-12 0.0
17155.53 4.748147804016791e-12 0.0
17165.53 4.676496803474497e-12 0.0
17175.53 4.674457844118012e-12 0.0
17185.53 4.713386331591794e-12 0.0
17195.53 4.632985060115448e-12 0.0
17205.53 4.6082584935150845e-12 0.0
17215.53 4.620945906524503e-12 0.0
17225.53 4.5530461386140395e-12 0.0
17235.53 4.397461659054857e-12 0.0
17245.53 4.611741386532741e-12 0.0
17255.53 4.5377183415947755e-12 0.0
17265.53 4.590667545867048e-12 0.0
17275.53 4.547730151620852e-12 0.0
17285.53 4.52661728061398e-12 0.0
17295.53 4.575238936410477e-12 0.0
17305.53 4.558225429990243e-12 0.0
17315.53 4.5331115695973215e-12 0.0
17325.53 4.3750733578167976e-12 0.0
17335.53 4.2324038993008234e-12 0.0
17345.53 4.296876513037906e-12 0.0
17355.53 4.223528865056439e-12 0.0
17365.53 4.069375592742505e-12 0.0
17375.53 4.227864598649813e-12 0.0
17385.53 4.3571839313700255e-12 0.0
17395.53 4.376662169152643e-12 0.0
17405.53 4.41249711008509e-12 0.0
17415.53 4.326571694602846e-12 0.0
17425.53 4.418428298209011e-12 0.0
17435.53 4.418424461245051e-12 0.0
17445.53 4.441466909135261e-12 0.0
17455.53 4.285564020949715e-12 0.0
17465.53 4.359297245872659e-12 0.0
17475.53 4.266833610175613e-12 0.0
17485.53 4.422185406756042e-12 0.0
17495.53 4.342011736902505e-12 0.0
17505.53 4.2880346907171556e-12 0.0
17515.53 4.356022304827507e-12 0.0
17525.53 4.2927402811357745e-12 0.0
17535.53 4.37191079581972e-12 0.0
17545.53 4.338515899347354e-12 0.0
17555.53 4.3118525755918275e-12 0.0
17565.53 4.363356781186054e-12 0.0
17575.53 4.330723713759157e-12 0.0
17585.53 4.3159703305237114e-12 0.0
17595.53 4.319070784099924e-12 0.0
17605.53 4.2918581828350366e-12 0.0
17615.53 4.245386420473713e-12 0.0
17625.53 4.138648934341823e-12 0.0
17635.53 4.289947623477196e-12 0.0
17645.53 4.215820836156725e-12 0.0
17655.53 4.294823336196343e-12 0.0
17665.53 4.2647514092313045e-12 0.0
17675.53 4.214370036070613e-12 0.0
17685.53 4.25169799925696e-12 0.0
17695.53 4.215032847107485e-12 0.0
17705.53 4.177463503751018e-12 0.0
17715.53 4.209539234494167e-12 0.0
17725.53 4.2266305553113425e-12 0.0
17735.53 4.222069674373124e-12 0.0
17745.53 4.200818431545182e-12 0.0
17755.53 4.14662759059641e-12 0.0
17765.53 4.125085490265141e-12 0.0
17775.53 4.027783141799213e-12 0.0
17785.53 4.171061826629036e-12 0.0
17795.53 4.071480870781824e-12 0.0
17805.53 4.1524765307676555e-12 0.0
17815.53 4.1079559856897474e-12 0.0
17825.53 4.081841699277978e-12 0.0
17835.53 4.108192532202826e-12 0.0
17845.53 4.047256032686351e-12 0.0
17855.53 4.048341587411635e-12 0.0
17865.53 4.1138047696998815e-12 0.0
17875.53 4.115913206960335e-12 0.0
17885.53 4.104558572542505e-12 0.0
17895.53 4.065614369484117e-12 0.0
17905.53 4.076105597516655e-12 0.0
17915.53 4.0426969446415975e-12 0.0
17925.53 4.036013636063263e-12 0.0
17935.53 4.0174208865237045e-12 0.0
17945.53 3.996072364921091e-12 0.0
17955.53 4.029148295959396e-12 0.0
17965.53 3.977472471754472e-12 0.0
17975.53 3.988732858298569e-12 0.0
17985.53 4.004957451392505e-12 0.0
17995.53 4.005753691310274e-12 0.0
18005.53 3.936186117024857e-12 0.0
18015.53 3.970438259242483e-12 0.0
18025.53 3.825472719447274e-12 0.0
18035.53 3.937308216981356e-12 0.0
18045.53 3.965138209460071e-12 0.0
18055.53 3.941586040033269e-12 0.0
18065.53 3.906509042827338e-12 0.0
18075.53 3.912877261512628e-12 0.0
18085.53 3.917598266591517e-12 0.0
18095.53 3.903665618132599e-12 0.0
18105.53 3.914032616713203e-12 0.0
18115.53 3.872797817295079e-12 0.0
18125.53 3.861513978960359e-12 0.0
18135.53 3.860454234959517e-12 0.0
18145.53 3.7790841774377425e-12 0.0
18155.53 3.765655934060184e-12 0.0
18165.53 3.6597525515264135e-12 0.0
18175.53 3.4088226630957893e-12 0.0
18185.53 3.499906583051028e-12 0.0
18195.53 3.6682504831398475e-12 0.0
18205.53 3.72659414930266e-12 0.0
18215.53 3.680112057099259e-12 0.0
18225.53 3.65484711757523e-12 0.0
18235.53 3.759457344257553e-12 0.0
18245.53 3.783832406838476e-12 0.0
18255.53 3.76853506961104e-12 0.0
18265.53 3.780488226694414e-12 0.0
18275.53 3.7753709896613156e-12 0.0
18285.53 3.688777761126773e-12 0.0
18295.53 3.749485195310447e-12 0.0
18305.53 3.7465915084058895e-12 0.0
18315.53 3.767015308337527e-12 0.0
18325.53 3.658990178166985e-12 0.0
18335.53 3.697331070118465e-12 0.0
18345.53 3.722201688869899e-12 0.0
18355.53 3.696924741520937e-12 0.0
18365.53 3.705586605932219e-12 0.0
18375.53 3.633246123450773e-12 0.0
18385.53 3.673150174705281e-12 0.0
18395.53 3.655839625958898e-12 0.0
18405.53 3.662892275508824e-12 0.0
18415.53 3.673692290593424e-12 0.0
18425.53 3.5061071187265664e-12 0.0
18435.53 3.615960016607707e-12 0.0
18445.53 3.6118250348626783e-12 0.0
18455.53 3.657066718957931e-12 0.0
18465.53 3.5398191797721246e-12 0.0
18475.53 3.43779648438779e-12 0.0
18485.53 3.617038604158774e-12 0.0
18495.53 3.6182027947759025e-12 0.0
18505.53 3.6361979913544115e-12 0.0
18515.53 3.6251974333950824e-12 0.0
18525.53 3.556656494530187e-12 0.0
18535.53 3.55049410261703e-12 0.0
18545.53 3.5994718075641164e-12 0.0
18555.53 3.4655449825243372e-12 0.0
18565.53 3.5530970808207736e-12 0.0
18575.53 3.575671412818662e-12 0.0
18585.53 3.5354845162884125e-12 0.0
18595.53 3.4702082094000746e-12 0.0
18605.53 3.5014949747455752e-12 0.0
18615.53 3.4597474573376933e-12 0.0
18625.53 3.475148069729556e-12 0.0
18635.53 3.505446956271723e-12 0.0
18645.53 3.450538777111847e-12 0.0
18655.53 3.47392852076594e-12 0.0
18665.53 3.359342844032062e-12 0.0
18675.53 3.396888950860742e-12 0.0
18685.53 3.4406741079318955e-12 0.0
18695.53 3.468635970067966e-12 0.0
18705.53 3.4382798117265894e-12 0.0
18715.53 3.4039740952150332e-12 0.0
18725.53 3.2931897938435123e-12 0.0
18735.53 3.3220450813554625e-12 0.0
18745.53 3.1787874680425073e-12 0.0
18755.53 2.6287958936069883e-12 0.0
18765.53 3.130205411586866e-12 0.0
18775.53 3.305949045866533e-12 0.0
18785.53 3.332407339050309e-12 0.0
18795.53 3.3175174269521966e-12 0.0
18805.53 3.351099344577665e-12 0.0
18815.53 3.3933807202818367e-12 0.0
18825.53 3.3569173699362777e-12 0.0
18835.53 3.3703512482958096e-12 0.0
18845.53 3.3454968366886703e-12 0.0
18855.53 3.3124126293232012e-12 0.0
18865.53 3.2546306552875507e-12 0.0
18875.53 3.3558626924365397e-12 0.0
18885.53 3.3475311224826356e-12 0.0
18895.53 3.2906445489237035e-12 0.0
18905.53 3.2367354858515167e-12 0.0
18915.53 3.2826412423004035e-12 0.0
18925.53 3.1981501627595923e-12 0.0
18935.53 3.2058708950835786e-12 0.0
18945.53 3.2377861835669524e-12 0.0
18955.53 3.205716721995225e-12 0.0
18965.53 3.0870168431615154e-12 0.0
18975.53 3.2265888290008012e-12 0.0
18985.53 3.2594817026560894e-12 0.0
18995.53 3.189009144753771e-12 0.0
19005.53 3.2651105972201654e-12 0.0
19015.53 3.2976179429665962e-12 0.0
19025.53 3.2823641354505337e-12 0.0
19035.53 3.1684878831359917e-12 0.0
19045.53 3.269969859119521e-12 0.0
19055.53 3.233645639038922e-12 0.0
19065.53 3.25089414700002e-12 0.0
19075.53 3.213230469044234e-12 0.0
19085.53 3.2031393839870145e-12 0.0
19095.53 3.2477097982091015e-12 0.0
19105.53 3.2151040748321573e-12 0.0
19115.53 3.103147387296817e-12 0.0
19125.53 3.1987406191092035e-12 0.0
19135.53 3.2173502661143204e-12 0.0
19145.53 3.2053005375393747e-12 0.0
19155.53 3.1922445666403237e-12 0.0
19165.53 3.1711833370564306e-12 0.0
19175.53 3.1838732858654403e-12 0.0
19185.53 3.1466480023105358e-12 0.0
19195.53 3.0822869993891135e-12 0.0
19205.53 3.1339277263180005e-12 0.0
19215.53 3.1718960553857277e-12 0.0
19225.53 3.152528824542512e-12 0.0
19235.53 3.1064945467098655e-12 0.0
19245.53 3.128571438413037e-12 0.0
19255.53 3.150518867070039e-12 0.0
19265.53 3.12001004736648e-12 0.0
19275.53 3.087649952585751e-12 0.0
19285.53 3.0261814985642394e-12 0.0
19295.53 3.0390058545719076e-12 0.0
19305.53 3.0535416298021874e-12 0.0
19315.53 3.001328063501385e-12 0.0
19325.53 3.0018822898166225e-12 0.0
19335.53 3.033425038249074e-12 0.0
19345.53 3.0777405878276892e-12 0.0
19355.53 3.0299934791761426e-12 0.0
19365.53 3.0718138732606337e-12 0.0
19375.53 3.0732384549506407e-12 0.0
19385.53 3.014566061325521e-12 0.0
19395.53 2.9049647554437116e-12 0.0
19405.53 3.023952797241888e-12 0.0
19415.53 3.0081625023345584e-12 0.0
19425.53 2.94796301389349e-12 0.0
19435.53 2.7771882001850594e-12 0.0
19445.53 2.678330059924562e-12 0.0
19455.53 2.5615887463744975e-12 0.0
19465.53 2.867034918877712e-12 0.0
19475.53 2.9002567016362296e-12 0.0
19485.53 2.9680459979268194e-12 0.0
19495.53 2.8846622329218385e-12 0.0
19505.53 2.924709600202846e-12 0.0
19515.53 2.7629525348213354e-12 0.0
19525.53 2.976532039749361e-12 0.0
19535.53 2.9784259348668708e-12 0.0
19545.53 2.9859933279323248e-12 0.0
19555.53 2.952252571041052e-12 0.0
19565.53 2.9751474413284803e-12 0.0
19575.53 2.9524914466300372e-12 0.0
19585.53 2.9572638123722455e-12 0.0
19595.53 2.9270710476234246e-12 0.0
19605.53 2.9399011296691077e-12 0.0
19615.53 2.8942767802710754e-12 0.0
19625.53 2.884097834238537e-12 0.0
19635.53 2.8273489420841205e-12 0.0
19645.53 2.8404162477186678e-12 0.0
19655.53 2.8778425875879106e-12 0.0
19665.53 2.8565142225477632e-12 0.0
19675.53 2.913862672473748e-12 0.0
19685.53 2.8974198626967707e-12 0.0
19695.53 2.8880595586129295e-12 0.0
19705.53 2.899655149260889e-12 0.0
19715.53 2.88347906869787e-12 0.0
19725.53 2.7215172115761357e-12 0.0
19735.53 2.812288188978025e-12 0.0
19745.53 2.855972664631986e-12 0.0
19755.53 2.8683328525984928e-12 0.0
19765.53 2.8509495463636246e-12 0.0
19775.53 2.830108490426519e-12 0.0
19785.53 2.7140656905108715e-12 0.0
19795.53 2.7763152768446214e-12 0.0
19805.53 2.7991033589143566e-12 0.0
19815.53 2.8019686882728642e-12 0.0
19825.53 2.8194155766282836e-12 0.0
19835.53 2.815376426899182e-12 0.0
19845.53 2.7744377124005735e-12 0.0
19855.53 2.7346856418061018e-12 0.0
19865.53 2.702873828778683e-12 0.0
19875.53 2.80999015689721e-12 0.0
19885.53 2.8123394305008668e-12 0.0
19895.53 2.803218087312817e-12 0.0
19905.53 2.8027165207712124e-12 0.0
19915.53 2.784640265389583e-12 0.0
19925.53 2.739717111512274e-12 0.0
19935.53 2.6516112128681755e-12 0.0
19945.53 2.7585214187535955e-12 0.0
19955.53 2.762544158018731e-12 0.0
19965.53 2.72807126733129e-12 0.0
19975.53 2.684813735256849e-12 0.0
19985.53 2.7424964750575667e-12 0.0
19995.53 2.7445737126270316e-12 0.0
20005.53 2.7513150735348483e-12 0.0
20015.53 2.734534263751774e-12 0.0
20025.53 2.7056540190704836e-12 0.0
20035.53 2.679726420398473e-12 0.0
20045.53 2.7073789357842856e-12 0.0
20055.53 2.6630026571250197e-12 0.0
20065.53 2.7117654373402625e-12 0.0
20075.53 2.717159364011858e-12 0.0
20085.53 2.710220446073391e-12 0.0
20095.53 2.698196814091212e-12 0.0
20105.53 2.699772497903977e-12 0.0
20115.53 2.6885541463333873e-12 0.0
20125.53 2.6830162184438713e-12 0.0
20135.53 2.6762230265153394e-12 0.0
20145.53 2.662907045110019e-12 0.0
20155.53 2.677823806823776e-12 0.0
20165.53 2.666140277945799e-12 0.0
20175.53 2.6615658509761086e-12 0.0
20185.53 2.6636271677990006e-12 0.0
20195.53 2.6552085393434975e-12 0.0
