reference_uv_spectra/lya_masked/G2-5800-alfcen_sun-hst_kurucz_whi.spec
# %ECSV 0.9
# ---
# datatype:
# - {name: w, datatype: float64}
# - {name: f, datatype: float64}
# - {name: e, datatype: float64}
# meta: !!omap
# - {distance: 10}
# - {w0: 1170.0}
# - {filename: G2-5800-alfcen_sun-hst_kurucz_whi.spec}
# schema: astropy-2.0
w f e
[from data line 6159]
47325.53 9.314399157617046e-14 0.0
47335.53 8.603044142671519e-14 0.0
47345.53 8.943381440894793e-14 0.0
47355.53 9.592134220060357e-14 0.0
47365.53 1.0143635239082793e-13 0.0
47375.53 1.0117224671848669e-13 0.0
47385.53 9.543265780192945e-14 0.0
47395.53 9.44824057373601e-14 0.0
47405.53 8.933101169302974e-14 0.0
47415.53 9.409603973175283e-14 0.0
47425.53 9.368637801193129e-14 0.0
47435.53 1.0320120716866709e-13 0.0
47445.53 9.765402273369677e-14 0.0
47455.53 8.764316649318906e-14 0.0
47465.53 9.792430131216584e-14 0.0
47475.53 9.666692063310602e-14 0.0
47485.53 9.791516975171699e-14 0.0
47495.53 9.808676027797948e-14 0.0
47505.53 8.990598296746374e-14 0.0
47515.53 8.940951489186972e-14 0.0
47525.53 9.747480771447494e-14 0.0
47535.53 9.991143453955095e-14 0.0
47545.53 9.241748270875296e-14 0.0
47555.53 9.133603602444213e-14 0.0
47565.53 9.419430355809568e-14 0.0
47575.53 9.731641517914052e-14 0.0
47585.53 9.025094508675485e-14 0.0
47595.53 9.647106805509137e-14 0.0
47605.53 9.676068943559229e-14 0.0
47615.53 1.0248151856818922e-13 0.0
47625.53 9.292748899664625e-14 0.0
47635.53 8.687856433067205e-14 0.0
47645.53 9.466613892561378e-14 0.0
47655.53 9.054419682399793e-14 0.0
47665.53 9.361395391032022e-14 0.0
47675.53 9.456172945172214e-14 0.0
47685.53 9.509296569399606e-14 0.0
47695.53 9.560988579832405e-14 0.0
47705.53 8.946194144556861e-14 0.0
47715.53 9.746281949305983e-14 0.0
47725.53 9.331221992161588e-14 0.0
47735.53 8.969676108081347e-14 0.0
47745.53 9.338860200701913e-14 0.0
47755.53 9.271036423965853e-14 0.0
47765.53 9.237164619843866e-14 0.0
47775.53 9.274698222571008e-14 0.0
47785.53 9.278733702995733e-14 0.0
47795.53 9.102249845162329e-14 0.0
47805.53 8.687839684049464e-14 0.0
47815.53 9.39030554455256e-14 0.0
47825.53 9.72042292916365e-14 0.0
47835.53 9.095855821613006e-14 0.0
47845.53 9.604553985703866e-14 0.0
47855.53 8.886254092566659e-14 0.0
47865.53 8.094964817675549e-14 0.0
47875.53 8.97369683107455e-14 0.0
47885.53 9.628594194762569e-14 0.0
47895.53 9.971750938500777e-14 0.0
47905.53 9.708596494217826e-14 0.0
47915.53 9.583432857586891e-14 0.0
47925.53 8.811180200846047e-14 0.0
47935.53 8.213950502509258e-14 0.0
47945.53 8.50123869475807e-14 0.0
47955.53 8.927772050398017e-14 0.0
47965.53 9.063040213577895e-14 0.0
47975.53 9.765583368484405e-14 0.0
47985.53 1.0035336472594593e-13 0.0
47995.53 9.686869465963624e-14 0.0
48005.53 8.738379389272633e-14 0.0
48015.53 8.2890915623544e-14 0.0
48025.53 8.280095448826552e-14 0.0
48035.53 9.134062889648599e-14 0.0
48045.53 8.951849017510257e-14 0.0
48055.53 9.299717024146146e-14 0.0
48065.53 9.385777337121483e-14 0.0
48075.53 9.014901308364876e-14 0.0
48085.53 9.361731716581038e-14 0.0
48095.53 8.910091812575969e-14 0.0
48105.53 9.079956500208715e-14 0.0
48115.53 9.584895376966751e-14 0.0
48125.53 8.927396515164477e-14 0.0
48135.53 7.85206999276925e-14 0.0
48145.53 8.76264857886555e-14 0.0
48155.53 9.587454991948742e-14 0.0
48165.53 9.305746451892444e-14 0.0
48175.53 9.621737617638059e-14 0.0
48185.53 8.913974049917459e-14 0.0
48195.53 8.789451828985833e-14 0.0
48205.53 9.163818072354074e-14 0.0
48215.53 9.660149798407597e-14 0.0
48225.53 9.392222507696534e-14 0.0
48235.53 7.653016279252973e-14 0.0
48245.53 8.431501958167504e-14 0.0
48255.53 9.426695987378923e-14 0.0
48265.53 9.69568417626851e-14 0.0
48275.53 8.605723694342466e-14 0.0
48285.53 8.834292720892071e-14 0.0
48295.53 9.79742597124416e-14 0.0
48305.53 9.368307882389568e-14 0.0
48315.53 8.893530388280818e-14 0.0
48325.53 9.131877509175178e-14 0.0
48335.53 7.826668673232713e-14 0.0
48345.53 8.628652265302127e-14 0.0
48355.53 9.647652328079091e-14 0.0
48365.53 9.41304554215536e-14 0.0
48375.53 8.711133948249213e-14 0.0
48385.53 9.18144669622348e-14 0.0
48395.53 9.293564923794471e-14 0.0
48405.53 9.20961019284799e-14 0.0
48415.53 8.995990470901509e-14 0.0
48425.53 9.329409375006386e-14 0.0
48435.53 7.719584390525221e-14 0.0
48445.53 8.429869464686117e-14 0.0
48455.53 9.314361486356114e-14 0.0
48465.53 8.955204379182731e-14 0.0
48475.53 8.968557769951692e-14 0.0
48485.53 8.634799595799518e-14 0.0
48495.53 8.736814579017689e-14 0.0
48505.53 9.253846705570539e-14 0.0
48515.53 9.581215078103238e-14 0.0
48525.53 9.184053744521121e-14 0.0
48535.53 8.190409596608951e-14 0.0
48545.53 8.098442250030612e-14 0.0
48555.53 8.663904303788313e-14 0.0
48565.53 8.042856242792037e-14 0.0
48575.53 9.228928113816413e-14 0.0
48585.53 9.394334773344739e-14 0.0
48595.53 9.137408478678444e-14 0.0
48605.53 9.163068895535029e-14 0.0
48615.53 9.287108118163098e-14 0.0
48625.53 8.878181913048554e-14 0.0
48635.53 7.864688782568001e-14 0.0
48645.53 8.091903668132742e-14 0.0
48655.53 7.568746294819622e-14 0.0
48665.53 9.146197554060577e-14 0.0
48675.53 9.464432415321658e-14 0.0
48685.53 9.376394754752933e-14 0.0
48695.53 8.843862133847192e-14 0.0
48705.53 8.782293659427705e-14 0.0
48715.53 8.366416055555975e-14 0.0
48725.53 8.8194546703608e-14 0.0
48735.53 8.408411170869323e-14 0.0
48745.53 8.617576374604162e-14 0.0
48755.53 7.872453237663344e-14 0.0
48765.53 8.015766056555102e-14 0.0
48775.53 8.986002503497645e-14 0.0
48785.53 8.73775719963304e-14 0.0
48795.53 9.054578837772999e-14 0.0
48805.53 8.824657371186568e-14 0.0
48815.53 8.978461649218509e-14 0.0
48825.53 9.006950702956296e-14 0.0
48835.53 7.997942203767451e-14 0.0
48845.53 8.036163049323327e-14 0.0
48855.53 8.570578438652961e-14 0.0
48865.53 8.372593464722718e-14 0.0
48875.53 8.635858076757768e-14 0.0
48885.53 8.814946305205909e-14 0.0
48895.53 8.54402276673404e-14 0.0
48905.53 8.444827699134088e-14 0.0
48915.53 9.134569909277144e-14 0.0
48925.53 9.141169507722766e-14 0.0
48935.53 8.995287701429457e-14 0.0
48945.53 7.866893384336577e-14 0.0
48955.53 8.095846702322814e-14 0.0
48965.53 9.089644612655295e-14 0.0
48975.53 8.094287813886962e-14 0.0
48985.53 8.170082544409971e-14 0.0
48995.53 8.602332739816152e-14 0.0
49005.53 9.029814546834501e-14 0.0
49015.53 8.938609271563642e-14 0.0
49025.53 8.809530691531542e-14 0.0
49035.53 8.713446491132027e-14 0.0
49045.53 8.469933480934393e-14 0.0
49055.53 7.626622699264607e-14 0.0
49065.53 8.871594767046049e-14 0.0
49075.53 8.628749018699318e-14 0.0
49085.53 7.840961396541004e-14 0.0
49095.53 8.167044590864425e-14 0.0
49105.53 8.814285847147155e-14 0.0
49115.53 8.796175413996691e-14 0.0
49125.53 8.660150973214692e-14 0.0
49135.53 8.636476874559803e-14 0.0
49145.53 8.311029081472368e-14 0.0
49155.53 7.589478736457762e-14 0.0
49165.53 8.20433840226997e-14 0.0
49175.53 8.89456761030028e-14 0.0
49185.53 8.109757972284241e-14 0.0
49195.53 7.923409822856997e-14 0.0
49205.53 7.58648741366415e-14 0.0
49215.53 8.899508529770347e-14 0.0
49225.53 8.933444030240572e-14 0.0
49235.53 9.025739271213727e-14 0.0
49245.53 8.711067356107086e-14 0.0
49255.53 7.865244188953658e-14 0.0
49265.53 7.847232747484949e-14 0.0
49275.53 7.389946349799915e-14 0.0
49285.53 8.313147273174829e-14 0.0
49295.53 8.964116189109526e-14 0.0
49305.53 8.64823120370841e-14 0.0
49315.53 7.914904205991872e-14 0.0
49325.53 8.62156436824428e-14 0.0
49335.53 8.804688101469344e-14 0.0
49345.53 8.24710903500944e-14 0.0
49355.53 7.863883224589008e-14 0.0
49365.53 8.047947548197328e-14 0.0
49375.53 7.743847250135043e-14 0.0
49385.53 8.095507964318086e-14 0.0
49395.53 8.861468996381392e-14 0.0
49405.53 8.641888732172444e-14 0.0
49415.53 8.517958339513811e-14 0.0
49425.53 8.063698217436959e-14 0.0
49435.53 7.547339005621143e-14 0.0
49445.53 8.419063321688722e-14 0.0
49455.53 8.660671787304179e-14 0.0
49465.53 8.101843189487187e-14 0.0
49475.53 7.937084592749223e-14 0.0
49485.53 7.368365165266759e-14 0.0
49495.53 8.102371687753693e-14 0.0
49505.53 8.58665498793718e-14 0.0
49515.53 8.631437655857416e-14 0.0
49525.53 8.704981379382439e-14 0.0
49535.53 8.248178533219356e-14 0.0
49545.53 7.650239046683757e-14 0.0
49555.53 7.937851958012623e-14 0.0
49565.53 8.486571504536545e-14 0.0
49575.53 7.700938092568589e-14 0.0
49585.53 7.941094329725099e-14 0.0
49595.53 7.952529667853957e-14 0.0
49605.53 7.651172114885046e-14 0.0
49615.53 8.54687619838719e-14 0.0
49625.53 8.151303822910552e-14 0.0
49635.53 8.44021537868437e-14 0.0
49645.53 8.644516573011357e-14 0.0
49655.53 8.764554197061986e-14 0.0
49665.53 7.795438357238606e-14 0.0
49675.53 7.380560241656724e-14 0.0
49685.53 7.514724383151942e-14 0.0
49695.53 8.229908276069053e-14 0.0
49705.53 8.319976270377181e-14 0.0
49715.53 7.647939996506396e-14 0.0
49725.53 8.041191067073776e-14 0.0
49735.53 8.497038229255878e-14 0.0
49745.53 8.44586487668432e-14 0.0
49755.53 8.428308210381365e-14 0.0
49765.53 8.664975275835559e-14 0.0
49775.53 8.288234343835955e-14 0.0
49785.53 6.893111810165825e-14 0.0
49795.53 7.45049900513433e-14 0.0
49805.53 8.272119751655096e-14 0.0
49815.53 8.406931518659917e-14 0.0
49825.53 7.613900939905622e-14 0.0
49835.53 7.739282046951808e-14 0.0
49845.53 8.313362541304418e-14 0.0
49855.53 8.20690865439759e-14 0.0
49865.53 8.287401883031767e-14 0.0
49875.53 8.601626527684565e-14 0.0
49885.53 8.181440473785967e-14 0.0
49895.53 7.264997319554079e-14 0.0
49905.53 7.016948070464842e-14 0.0
49915.53 7.527369514616562e-14 0.0
49925.53 7.734802214101744e-14 0.0
49935.53 8.143493039877554e-14 0.0
49945.53 7.640158955447154e-14 0.0
49955.53 8.285815607903148e-14 0.0
49965.53 8.507227638564653e-14 0.0
49975.53 8.472729476342182e-14 0.0
49985.53 8.244983647232694e-14 0.0
49995.53 7.738655461740615e-14 0.0
