reference_uv_spectra/lya_masked/K1-5170-hd97658-muscles.spec
# %ECSV 0.9
# ---
# datatype:
# - {name: w, datatype: float64}
# - {name: f, datatype: float64}
# - {name: e, datatype: float64}
# meta: !!omap
# - {distance: 10}
# - {w0: 1170.0}
# - {filename: K1-5170-hd97658-muscles.spec}
# schema: astropy-2.0
w f e
[from data line 2057]
6305.530000000001 1.2983236897505722e-11 0.0
6315.530000000001 1.2707033663337359e-11 0.0
6325.530000000001 1.3065790681821631e-11 0.0
6335.530000000001 1.2940210952783505e-11 0.0
6345.530000000001 1.3082106928582155e-11 0.0
6355.530000000001 1.3020206508803664e-11 0.0
6365.530000000001 1.294519621572935e-11 0.0
6375.530000000001 1.3137091716407424e-11 0.0
6385.530000000001 1.3032676216882863e-11 0.0
6395.530000000001 1.2897972402453033e-11 0.0
6405.530000000001 1.25874188307478e-11 0.0
6415.530000000001 1.2786693500990837e-11 0.0
6425.530000000001 1.2745735494146229e-11 0.0
6435.530000000001 1.2814897537352695e-11 0.0
6445.530000000001 1.267808045113716e-11 0.0
6455.530000000001 1.273001644132059e-11 0.0
6465.530000000001 1.2501284164925877e-11 0.0
6475.530000000001 1.2637175237383215e-11 0.0
6485.530000000001 1.2902633824138108e-11 0.0
6495.530000000001 1.2015271458350963e-11 0.0
6505.530000000001 1.2592127185201684e-11 0.0
6515.530000000001 1.2811159520948148e-11 0.0
6525.530000000001 1.2872443805400619e-11 0.0
6535.530000000001 1.2791062037922313e-11 0.0
6545.530000000001 1.2542826808562364e-11 0.0
6555.530000000001 1.2417852350867217e-11 0.0
6565.530000000001 1.1013110957188864e-11 0.0
6575.530000000001 1.2394797300347008e-11 0.0
6585.530000000001 1.2674617388776781e-11 0.0
6595.530000000001 1.2412093102484037e-11 0.0
6605.530000000001 1.2682597576322676e-11 0.0
6615.530000000001 1.2584307146841503e-11 0.0
6625.530000000001 1.2642438551338764e-11 0.0
6635.530000000001 1.2385351665696207e-11 0.0
6645.530000000001 1.249806404373925e-11 0.0
6655.530000000001 1.2647661084375583e-11 0.0
6665.530000000001 1.2379364865621487e-11 0.0
6675.530000000001 1.2395638753377372e-11 0.0
6685.530000000001 1.2570189948208554e-11 0.0
6695.530000000001 1.2455804148978556e-11 0.0
6705.530000000001 1.1796607345589879e-11 0.0
6715.530000000001 1.2148324106790944e-11 0.0
6725.530000000001 1.2403363685458794e-11 0.0
6735.530000000001 1.242589916781807e-11 0.0
6745.530000000001 1.2345739596613536e-11 0.0
6755.530000000001 1.2292488348157181e-11 0.0
6765.530000000001 1.2280666619153035e-11 0.0
6775.530000000001 1.2275112287898748e-11 0.0
6785.530000000001 1.2225436025860483e-11 0.0
6795.530000000001 1.2255766865989358e-11 0.0
6805.530000000001 1.2181614388393855e-11 0.0
6815.530000000001 1.2171859540239681e-11 0.0
6825.530000000001 1.2183044367560443e-11 0.0
6835.530000000001 1.2173877974515473e-11 0.0
6845.530000000001 1.1980296188144329e-11 0.0
6855.530000000001 1.194874089210527e-11 0.0
6865.530000000001 1.2153036954260292e-11 0.0
6875.530000000001 1.2108991521648244e-11 0.0
6885.530000000001 1.197691032750012e-11 0.0
6895.530000000001 1.2117379423552128e-11 0.0
6905.530000000001 1.210246009058648e-11 0.0
6915.530000000001 1.1920458933077133e-11 0.0
6925.530000000001 1.1917764336520796e-11 0.0
6935.530000000001 1.194992548813719e-11 0.0
6945.530000000001 1.1853413607510806e-11 0.0
6955.530000000001 1.1871694552399754e-11 0.0
6965.530000000001 1.1913060784616005e-11 0.0
6975.530000000001 1.1767496641094198e-11 0.0
6985.530000000001 1.170440284280878e-11 0.0
6995.530000000001 1.1855705643843758e-11 0.0
7005.530000000001 1.1623954589288805e-11 0.0
7015.530000000001 1.1588661514483603e-11 0.0
7025.530000000001 1.162112845942131e-11 0.0
7035.530000000001 1.1585950437418309e-11 0.0
7045.530000000001 1.1766152686757846e-11 0.0
7055.530000000001 1.1717838188816344e-11 0.0
7065.530000000001 1.1581965768202513e-11 0.0
7075.530000000001 1.1689294182045274e-11 0.0
7085.530000000001 1.1526611631751252e-11 0.0
7095.530000000001 1.1574817101917302e-11 0.0
7105.530000000001 1.1590397479960683e-11 0.0
7115.530000000001 1.146315108626331e-11 0.0
7125.530000000001 1.1425972567410659e-11 0.0
7135.530000000001 1.1343269836040862e-11 0.0
7145.530000000001 1.1186830341858922e-11 0.0
7155.530000000001 1.1420643786800073e-11 0.0
7165.530000000001 1.1269012581435268e-11 0.0
7175.530000000001 1.1461518041125248e-11 0.0
7185.530000000001 1.1040572050111986e-11 0.0
7195.530000000001 1.1120855439471095e-11 0.0
7205.530000000001 1.109117740170213e-11 0.0
7215.530000000001 1.1316109829474317e-11 0.0
7225.530000000001 1.1218734223729437e-11 0.0
7235.530000000001 1.1381945884187229e-11 0.0
7245.530000000001 1.1291181318135212e-11 0.0
7255.530000000001 1.1242954356984373e-11 0.0
7265.530000000001 1.1177172031725947e-11 0.0
7275.530000000001 1.1247288882458626e-11 0.0
7285.530000000001 1.1127421112387676e-11 0.0
7295.530000000001 1.081563590156957e-11 0.0
7305.530000000001 1.1040149497678982e-11 0.0
7315.530000000001 1.1125323102242431e-11 0.0
7325.530000000001 1.0908546702599036e-11 0.0
7335.530000000001 1.112922452710827e-11 0.0
7345.530000000001 1.1130283650427192e-11 0.0
7355.530000000001 1.0948079796017154e-11 0.0
7365.530000000001 1.0961649506767834e-11 0.0
7375.530000000001 1.110301634015326e-11 0.0
7385.530000000001 1.0839388172032908e-11 0.0
7395.530000000001 1.0828359002070891e-11 0.0
7405.530000000001 1.085266154768826e-11 0.0
7415.530000000001 1.0584651409294754e-11 0.0
7425.530000000001 1.0704346132449668e-11 0.0
7435.530000000001 1.0947329754452248e-11 0.0
7445.530000000001 1.0635932196974979e-11 0.0
7455.530000000001 1.0915890338013515e-11 0.0
7465.530000000001 1.0796744195578146e-11 0.0
7475.530000000001 1.0865086653098936e-11 0.0
7485.530000000001 1.0853733781753055e-11 0.0
7495.530000000001 1.0560224579620943e-11 0.0
7505.530000000001 1.0772025673334385e-11 0.0
7515.530000000001 1.0575547963080405e-11 0.0
7525.530000000001 1.0694072971858921e-11 0.0
7535.530000000001 1.0765766838687267e-11 0.0
7545.530000000001 1.0779877120516666e-11 0.0
7555.530000000001 1.065794578163949e-11 0.0
7565.530000000001 1.0674103844827707e-11 0.0
7575.530000000001 1.0607968753321193e-11 0.0
7585.530000000001 1.0502645249445175e-11 0.0
7595.530000000001 1.0680595727135673e-11 0.0
7605.530000000001 1.0577949515957921e-11 0.0
7615.530000000001 1.0453360419125485e-11 0.0
7625.530000000001 1.0526567489171363e-11 0.0
7635.530000000001 1.0648768304528499e-11 0.0
7645.530000000001 1.0622227304052036e-11 0.0
7655.530000000001 1.0375887497928504e-11 0.0
7665.530000000001 9.919582473999866e-12 0.0
7675.530000000001 1.0535826329837343e-11 0.0
7685.530000000001 1.05026560273293e-11 0.0
7695.530000000001 1.038063057399733e-11 0.0
7705.530000000001 1.0305526825723227e-11 0.0
7715.530000000001 1.0301612511251965e-11 0.0
7725.530000000001 1.0214478403149965e-11 0.0
7735.530000000001 1.0453208554132429e-11 0.0
7745.530000000001 1.014180768883533e-11 0.0
7755.530000000001 1.0283100689927532e-11 0.0
7765.530000000001 1.0387717138812639e-11 0.0
7775.530000000001 1.0351913022714765e-11 0.0
7785.530000000001 1.022273602334438e-11 0.0
7795.530000000001 1.0210799059702557e-11 0.0
7805.530000000001 1.0241921503276139e-11 0.0
7815.530000000001 1.022884914774167e-11 0.0
7825.530000000001 1.0235049828646302e-11 0.0
7835.530000000001 9.97114705969717e-12 0.0
7845.530000000001 1.0207860423233092e-11 0.0
7855.530000000001 1.0140483691642757e-11 0.0
7865.530000000001 1.0196564841774542e-11 0.0
7875.530000000001 1.0133990679856722e-11 0.0
7885.530000000001 1.0095233685841212e-11 0.0
7895.530000000001 1.0055524988848617e-11 0.0
7905.530000000001 1.0040652910750615e-11 0.0
7915.530000000001 9.833373523565156e-12 0.0
7925.530000000001 9.944262204237667e-12 0.0
7935.530000000001 9.645027577706722e-12 0.0
7945.530000000001 9.627123959449235e-12 0.0
7955.530000000001 9.877645651927391e-12 0.0
7965.530000000001 9.938428376680034e-12 0.0
7975.530000000001 9.903214876629247e-12 0.0
7985.530000000001 9.86027160187071e-12 0.0
7995.530000000001 9.889271879761686e-12 0.0
8005.530000000001 9.671166616919296e-12 0.0
8015.530000000001 9.862210234664529e-12 0.0
8025.530000000001 9.773248697658493e-12 0.0
8035.530000000001 9.75535289396551e-12 0.0
8045.530000000001 9.579498703429512e-12 0.0
8055.530000000001 9.718438524210197e-12 0.0
8065.530000000001 9.758745834076019e-12 0.0
8075.530000000001 9.598361894259259e-12 0.0
8085.530000000001 9.57074261090485e-12 0.0
8095.530000000001 9.5281545851062e-12 0.0
8105.530000000001 9.562336766662694e-12 0.0
8115.530000000001 9.598601611478049e-12 0.0
8125.530000000001 9.620849642301125e-12 0.0
8135.530000000001 9.619306646695494e-12 0.0
8145.530000000001 9.596455803724165e-12 0.0
8155.530000000001 9.521761480465864e-12 0.0
8165.530000000001 9.512364305752514e-12 0.0
8175.530000000001 9.549673572629431e-12 0.0
8185.530000000001 9.23356965423598e-12 0.0
8195.53 9.216169998097354e-12 0.0
8205.53 9.287568464005804e-12 0.0
8215.53 9.300833554796828e-12 0.0
8225.53 9.252426630090518e-12 0.0
8235.53 9.29484169473257e-12 0.0
8245.53 9.333999910998882e-12 0.0
8255.53 9.381822400383409e-12 0.0
8265.53 9.404989320542768e-12 0.0
8275.53 9.356225845381991e-12 0.0
8285.53 9.36084984506146e-12 0.0
8295.53 9.261409086817482e-12 0.0
8305.53 9.189547275418258e-12 0.0
8315.53 9.196639894902498e-12 0.0
8325.53 8.959500654503955e-12 0.0
8335.53 9.105499326267176e-12 0.0
8345.53 9.043509311724276e-12 0.0
8355.53 9.179275803043585e-12 0.0
8365.53 9.086331595904873e-12 0.0
8375.53 9.140508154653265e-12 0.0
8385.53 8.793704995597528e-12 0.0
8395.53 9.078507581752031e-12 0.0
8405.53 9.107792374776045e-12 0.0
8415.53 9.047094590013542e-12 0.0
8425.53 8.979889115129817e-12 0.0
8435.53 8.957682347846313e-12 0.0
8445.53 8.965886468437899e-12 0.0
8455.53 9.06565581619428e-12 0.0
8465.53 9.00303114964846e-12 0.0
8475.53 8.851309052410706e-12 0.0
8485.53 8.98192602876409e-12 0.0
8495.53 8.454633120328068e-12 0.0
8505.53 8.577078871910731e-12 0.0
8515.53 8.669563365616756e-12 0.0
8525.53 8.815211552622415e-12 0.0
8535.53 8.635989556711146e-12 0.0
8545.53 6.8681286345079275e-12 0.0
8555.53 8.691727832750514e-12 0.0
8565.53 8.84587328104957e-12 0.0
8575.53 8.853081477075011e-12 0.0
8585.53 8.777985426048704e-12 0.0
8595.53 8.802890605239928e-12 0.0
8605.53 8.743865821002674e-12 0.0
8615.53 8.655092129875943e-12 0.0
8625.53 8.724975806548619e-12 0.0
8635.53 8.751179437516563e-12 0.0
8645.53 8.708240440158604e-12 0.0
8655.53 8.534860178529966e-12 0.0
8665.53 7.028914542007497e-12 0.0
8675.53 8.402889703952082e-12 0.0
8685.53 8.505936615251e-12 0.0
8695.53 8.240708462214604e-12 0.0
8705.53 8.54780406588427e-12 0.0
8715.53 8.4391757455618e-12 0.0
8725.53 8.627311714422242e-12 0.0
8735.53 8.432875591479537e-12 0.0
8745.53 8.54157258258416e-12 0.0
8755.53 8.387528444484632e-12 0.0
8765.53 8.49194518013268e-12 0.0
8775.53 8.413011426691283e-12 0.0
8785.53 8.545258133910891e-12 0.0
8795.53 8.374517755424311e-12 0.0
8805.53 7.98842840650728e-12 0.0
8815.53 8.447307631135337e-12 0.0
8825.53 8.17690774208722e-12 0.0
8835.53 8.47470067229394e-12 0.0
8845.53 8.289458888124762e-12 0.0
8855.53 8.468965857607121e-12 0.0
8865.53 8.204390033536493e-12 0.0
8875.53 8.379934658380762e-12 0.0
8885.53 8.381790714577754e-12 0.0
8895.53 8.37105064844852e-12 0.0
8905.53 8.39271142313687e-12 0.0
8915.53 8.343942491866302e-12 0.0
8925.53 8.205961609909149e-12 0.0
8935.53 8.278850764046406e-12 0.0
8945.53 8.194568856818318e-12 0.0
8955.53 8.29634155742688e-12 0.0
8965.53 8.236310266251766e-12 0.0
8975.53 8.188904329612354e-12 0.0
8985.53 8.21978513711194e-12 0.0
8995.53 8.182599418452767e-12 0.0
9005.53 7.984847985760058e-12 0.0
9015.53 7.852381478816359e-12 0.0
9025.53 8.065548769370339e-12 0.0
9035.53 8.168324078086969e-12 0.0
9045.53 8.190827894409357e-12 0.0
9055.53 8.136525894227307e-12 0.0
9065.53 8.040302630347409e-12 0.0
9075.53 8.105615052544802e-12 0.0
9085.53 7.995012055431031e-12 0.0
9095.53 7.777747473038269e-12 0.0
9105.53 7.931550298166506e-12 0.0
9115.53 7.962527617539781e-12 0.0
9125.53 7.97408170704616e-12 0.0
9135.53 8.025630089304937e-12 0.0
9145.53 7.880394634551915e-12 0.0
9155.53 7.918480131451863e-12 0.0
9165.53 7.900949556897706e-12 0.0
9175.53 7.772091465575562e-12 0.0
9185.53 7.840921912665296e-12 0.0
9195.53 7.80276760554966e-12 0.0
9205.53 7.759379990940915e-12 0.0
9215.53 7.59081898720211e-12 0.0
9225.53 7.698408595312111e-12 0.0
9235.53 7.58446222400745e-12 0.0
9245.53 7.661641203563484e-12 0.0
9255.53 7.54889123114363e-12 0.0
9265.53 7.614910427378385e-12 0.0
9275.53 7.737867018573189e-12 0.0
9285.53 7.66034722895411e-12 0.0
9295.53 7.569230802190461e-12 0.0
9305.53 7.683128819904644e-12 0.0
9315.53 7.664585850999616e-12 0.0
9325.53 7.608385145443621e-12 0.0
9335.53 7.66761508554799e-12 0.0
9345.53 7.637051770144092e-12 0.0
9355.53 7.560251558608865e-12 0.0
9365.53 7.542578796257565e-12 0.0
9375.53 7.574014629105038e-12 0.0
9385.53 7.55989158120534e-12 0.0
9395.53 7.479821259502675e-12 0.0
9405.53 7.449276801572105e-12 0.0
9415.53 7.138027464894072e-12 0.0
9425.53 7.480716658004748e-12 0.0
9435.53 7.358302979131403e-12 0.0
9445.53 7.294534430399295e-12 0.0
9455.53 7.430926356982649e-12 0.0
9465.53 7.444994862480052e-12 0.0
9475.53 7.452098824094783e-12 0.0
9485.53 7.398048186707595e-12 0.0
9495.53 7.42117638575699e-12 0.0
9505.53 7.392751896946788e-12 0.0
9515.53 7.38218332238125e-12 0.0
9525.53 7.365421754534467e-12 0.0
9535.53 7.323402865692972e-12 0.0
9545.53 7.181597163683358e-12 0.0
9555.53 7.243506030556147e-12 0.0
9565.53 7.342748534751356e-12 0.0
9575.53 7.215771873163854e-12 0.0
9585.53 7.293711576746027e-12 0.0
9595.53 7.296745439175377e-12 0.0
9605.53 7.190944692138663e-12 0.0
9615.53 7.285835639423888e-12 0.0
9625.53 7.176544939810476e-12 0.0
9635.53 7.21122604237057e-12 0.0
9645.53 7.120246267108047e-12 0.0
9655.53 7.1667127231851514e-12 0.0
9665.53 7.135012318397522e-12 0.0
9675.53 7.105634740749854e-12 0.0
9685.53 7.2109208322433535e-12 0.0
9695.53 7.1166929714262915e-12 0.0
9705.53 7.107387008722653e-12 0.0
9715.53 7.167716872805835e-12 0.0
9725.53 7.129612886739688e-12 0.0
9735.53 7.037297265002388e-12 0.0
9745.53 6.949224911357777e-12 0.0
9755.53 7.092461880121998e-12 0.0
9765.53 7.0573360579914586e-12 0.0
9775.53 7.045748601701324e-12 0.0
9785.53 6.929921680843073e-12 0.0
9795.53 7.043000433312746e-12 0.0
9805.53 7.027237518894991e-12 0.0
9815.53 7.035829557613224e-12 0.0
9825.53 7.011830892237007e-12 0.0
9835.53 6.976430874477073e-12 0.0
9845.53 6.9890181898695516e-12 0.0
9855.53 6.9874282495076095e-12 0.0
9865.53 6.965666453867587e-12 0.0
9875.53 6.970838426877803e-12 0.0
9885.53 6.9435891248399815e-12 0.0
9895.53 6.876926828738398e-12 0.0
9905.53 6.853961412969173e-12 0.0
9915.53 6.884858964293131e-12 0.0
9925.53 6.883185828380255e-12 0.0
9935.53 6.877475567058348e-12 0.0
9945.53 6.817297858481331e-12 0.0
9955.53 6.843375542205259e-12 0.0
9965.53 6.859993015929167e-12 0.0
9975.53 6.812820304631646e-12 0.0
9985.53 6.8123394593190815e-12 0.0
9995.53 6.809629414721436e-12 0.0
10005.53 6.780177623783139e-12 0.0
10015.53 6.796246258093714e-12 0.0
10025.53 6.786882840169851e-12 0.0
10035.53 6.746640633374146e-12 0.0
10045.53 6.721490150194878e-12 0.0
10055.53 6.5166225588432845e-12 0.0
10065.53 6.640362354788486e-12 0.0
10075.53 6.720425809571224e-12 0.0
10085.53 6.696364798615504e-12 0.0
10095.53 6.695499220030101e-12 0.0
10105.53 6.637347156873066e-12 0.0
10115.53 6.6765571670097596e-12 0.0
10125.53 6.6583563805437926e-12 0.0
10135.53 6.673595762964356e-12 0.0
10145.53 6.566383416464124e-12 0.0
10155.53 6.586711714814004e-12 0.0
10165.53 6.55937357288621e-12 0.0
10175.53 6.61811801377857e-12 0.0
10185.53 6.5215829262427595e-12 0.0
10195.53 6.5325262786805604e-12 0.0
10205.53 6.544615682915354e-12 0.0
10215.53 6.437900819687497e-12 0.0
10225.53 6.50263757636637e-12 0.0
10235.53 6.5359100442211985e-12 0.0
10245.53 6.529129458354472e-12 0.0
10255.53 6.532194507018898e-12 0.0
10265.53 6.497210213202854e-12 0.0
10275.53 6.494406872760775e-12 0.0
10285.53 6.487305638447873e-12 0.0
10295.53 6.410660627069477e-12 0.0
10305.53 6.4439412160181235e-12 0.0
10315.53 6.450996716016559e-12 0.0
10325.53 6.3955349755827475e-12 0.0
10335.53 6.371135278700268e-12 0.0
10345.53 6.28599044156145e-12 0.0
10355.53 6.371376381465773e-12 0.0
10365.53 6.404226825444759e-12 0.0
10375.53 6.259369750197062e-12 0.0
10385.53 6.356954257864543e-12 0.0
10395.53 6.273589946818787e-12 0.0
