reference_uv_spectra/lya_masked/K1-5170-hd97658-muscles.spec
# %ECSV 0.9
# ---
# datatype:
# - {name: w, datatype: float64}
# - {name: f, datatype: float64}
# - {name: e, datatype: float64}
# meta: !!omap
# - {distance: 10}
# - {w0: 1170.0}
# - {filename: K1-5170-hd97658-muscles.spec}
# schema: astropy-2.0
w f e
[from data line 5631]
42045.53 8.328072547056193e-14 0.0
42055.53 8.104400899042094e-14 0.0
42065.53 8.198906170073875e-14 0.0
42075.53 8.371558388078894e-14 0.0
42085.53 8.146040036715608e-14 0.0
42095.53 8.355969905663978e-14 0.0
42105.53 8.374482003293867e-14 0.0
42115.53 8.34942693984121e-14 0.0
42125.53 8.333443834569987e-14 0.0
42135.53 8.354044427456604e-14 0.0
42145.53 8.334621453756295e-14 0.0
42155.53 8.3386228462665e-14 0.0
42165.53 8.316833112030865e-14 0.0
42175.53 8.318395159502563e-14 0.0
42185.53 8.299575040458987e-14 0.0
42195.53 8.292269980300031e-14 0.0
42205.53 8.292008899334699e-14 0.0
42215.53 8.294944373143284e-14 0.0
42225.53 8.27056688205008e-14 0.0
42235.53 8.265862689627576e-14 0.0
42245.53 8.261522426631396e-14 0.0
42255.53 8.252598551911407e-14 0.0
42265.53 8.256424505104693e-14 0.0
42275.53 8.247236670301445e-14 0.0
42285.53 8.231668463870054e-14 0.0
42295.53 8.225260003967634e-14 0.0
42305.53 8.198684140768482e-14 0.0
42315.53 8.212739504666176e-14 0.0
42325.53 8.203051747046991e-14 0.0
42335.53 8.205578471210244e-14 0.0
42345.53 8.186535908741574e-14 0.0
42355.53 8.185946789650522e-14 0.0
42365.53 8.180058318377512e-14 0.0
42375.53 8.171770644413205e-14 0.0
42385.53 8.162593041238565e-14 0.0
42395.53 8.160984314442887e-14 0.0
42405.53 8.149551831609155e-14 0.0
42415.53 8.142761861582196e-14 0.0
42425.53 8.13866082596896e-14 0.0
42435.53 8.087897320876842e-14 0.0
42445.53 8.099268159432e-14 0.0
42455.53 8.110926799136207e-14 0.0
42465.53 8.020158378857964e-14 0.0
42475.53 8.092799227465196e-14 0.0
42485.53 8.066918650466706e-14 0.0
42495.53 8.064227002503527e-14 0.0
42505.53 8.027891726933019e-14 0.0
42515.53 7.997730083821099e-14 0.0
42525.53 8.047009184319583e-14 0.0
42535.53 8.023754064026956e-14 0.0
42545.53 8.043141419197741e-14 0.0
42555.53 8.042497621747663e-14 0.0
42565.53 8.033230740903336e-14 0.0
42575.53 8.026383360042003e-14 0.0
42585.53 8.00958626312296e-14 0.0
42595.53 8.006610639687978e-14 0.0
42605.53 7.987400762271841e-14 0.0
42615.53 8.000773431245984e-14 0.0
42625.53 7.992300568615533e-14 0.0
42635.53 7.985134735262118e-14 0.0
42645.53 7.978901637781908e-14 0.0
42655.53 7.963881227277491e-14 0.0
42665.53 7.946755309653695e-14 0.0
42675.53 7.955258820318458e-14 0.0
42685.53 7.919643317744674e-14 0.0
42695.53 7.91004723582486e-14 0.0
42705.53 7.934569951510963e-14 0.0
42715.53 7.900879929791531e-14 0.0
42725.53 7.909219848086281e-14 0.0
42735.53 7.8816334692871e-14 0.0
42745.53 7.899549261545473e-14 0.0
42755.53 7.900617212464423e-14 0.0
42765.53 7.893921305049211e-14 0.0
42775.53 7.88414131639468e-14 0.0
42785.53 7.864575839062465e-14 0.0
42795.53 7.867916611518865e-14 0.0
42805.53 7.842906808345302e-14 0.0
42815.53 7.856388565104535e-14 0.0
42825.53 7.822944153293652e-14 0.0
42835.53 7.792438177127343e-14 0.0
42845.53 7.832327061769886e-14 0.0
42855.53 7.829814609450051e-14 0.0
42865.53 7.821643872619275e-14 0.0
42875.53 7.800733636250879e-14 0.0
42885.53 7.806330023299802e-14 0.0
42895.53 7.799225249242831e-14 0.0
42905.53 7.791025570487388e-14 0.0
42915.53 7.760599404412348e-14 0.0
42925.53 7.774947429310623e-14 0.0
42935.53 7.75420098701196e-14 0.0
42945.53 7.403744371059249e-14 0.0
42955.53 6.887312139577075e-14 0.0
42965.53 7.198130028965673e-14 0.0
42975.53 7.355054501354288e-14 0.0
42985.53 7.453493225839414e-14 0.0
42995.53 7.394579295766596e-14 0.0
43005.53 7.409746635253022e-14 0.0
43015.53 7.457788653528812e-14 0.0
43025.53 7.432046857717121e-14 0.0
43035.53 7.403416691599043e-14 0.0
43045.53 7.473358721579803e-14 0.0
43055.53 7.363712690293735e-14 0.0
43065.53 7.614129298267667e-14 0.0
43075.53 7.438034828362258e-14 0.0
43085.53 7.377150414045204e-14 0.0
43095.53 7.588979864756773e-14 0.0
43105.53 7.407727573669262e-14 0.0
43115.53 7.502158150821126e-14 0.0
43125.53 7.39170080583484e-14 0.0
43135.53 7.334697520569607e-14 0.0
43145.53 7.622600439965397e-14 0.0
43155.53 7.328647824780719e-14 0.0
43165.53 7.602076404563532e-14 0.0
43175.53 7.311167505660116e-14 0.0
43185.53 7.59674265013842e-14 0.0
43195.53 7.297105959745398e-14 0.0
43205.53 7.5795781234294e-14 0.0
43215.53 7.199445363268407e-14 0.0
43225.53 7.560273758429205e-14 0.0
43235.53 7.426844874222381e-14 0.0
43245.53 7.379711896999541e-14 0.0
43255.53 7.541024766884448e-14 0.0
43265.53 7.232022606570691e-14 0.0
43275.53 7.52190309458253e-14 0.0
43285.53 7.223845825365744e-14 0.0
43295.53 7.52546711448358e-14 0.0
43305.53 7.507983184885039e-14 0.0
43315.53 7.191532920532218e-14 0.0
43325.53 7.402849370371495e-14 0.0
43335.53 7.203493161537418e-14 0.0
43345.53 7.438158639168158e-14 0.0
43355.53 7.47644109618008e-14 0.0
43365.53 7.181959136622392e-14 0.0
43375.53 7.457466340419373e-14 0.0
43385.53 7.353969047558273e-14 0.0
43395.53 7.218826097817917e-14 0.0
43405.53 7.419121690542695e-14 0.0
43415.53 7.125719513366042e-14 0.0
43425.53 7.414751012181565e-14 0.0
43435.53 7.424844579844707e-14 0.0
43445.53 7.090347086219412e-14 0.0
43455.53 7.348691153235499e-14 0.0
43465.53 7.393482249398258e-14 0.0
43475.53 7.064211106685058e-14 0.0
43485.53 7.280708736625191e-14 0.0
43495.53 7.379998166739491e-14 0.0
43505.53 6.554058039099324e-14 0.0
43515.53 6.743299348407226e-14 0.0
43525.53 6.990004492660885e-14 0.0
43535.53 6.733873084417238e-14 0.0
43545.53 6.904133923403714e-14 0.0
43555.53 7.102341564825735e-14 0.0
43565.53 7.099282402236935e-14 0.0
43575.53 7.006406570868065e-14 0.0
43585.53 7.133647192636765e-14 0.0
43595.53 7.094939637184838e-14 0.0
43605.53 6.746447541305623e-14 0.0
43615.53 7.180001831946118e-14 0.0
43625.53 7.157689829238956e-14 0.0
43635.53 6.549013539940605e-14 0.0
43645.53 7.219546602439348e-14 0.0
43655.53 7.022777878088809e-14 0.0
43665.53 7.043727867301607e-14 0.0
43675.53 6.885877878539824e-14 0.0
43685.53 6.985939724086774e-14 0.0
43695.53 7.261527528892038e-14 0.0
43705.53 6.652770259405812e-14 0.0
43715.53 7.218013367455094e-14 0.0
43725.53 6.959512588755854e-14 0.0
43735.53 7.228402226156123e-14 0.0
43745.53 6.621776305705705e-14 0.0
43755.53 7.162613236699885e-14 0.0
43765.53 6.928978723235663e-14 0.0
43775.53 7.17207404759037e-14 0.0
43785.53 6.60151243144433e-14 0.0
43795.53 7.125494236748089e-14 0.0
43805.53 6.925355193446717e-14 0.0
43815.53 7.143083651594716e-14 0.0
43825.53 6.809967424919721e-14 0.0
43835.53 6.903061900241521e-14 0.0
43845.53 7.14356028246044e-14 0.0
43855.53 6.852145242989861e-14 0.0
43865.53 6.82831847974877e-14 0.0
43875.53 7.120082698758036e-14 0.0
43885.53 6.863360146088152e-14 0.0
43895.53 7.075171307637854e-14 0.0
43905.53 6.506596135160263e-14 0.0
43915.53 7.084524688677895e-14 0.0
43925.53 7.07426376596557e-14 0.0
43935.53 6.788554351412654e-14 0.0
43945.53 6.733853329888372e-14 0.0
43955.53 7.057404731482796e-14 0.0
43965.53 6.786817842550043e-14 0.0
43975.53 7.060832038280925e-14 0.0
43985.53 6.683932884100195e-14 0.0
43995.53 6.671970845399913e-14 0.0
44005.53 7.052839242425941e-14 0.0
44015.53 6.995208432404685e-14 0.0
44025.53 6.305697154545042e-14 0.0
44035.53 6.917781801058655e-14 0.0
44045.53 7.013449997902087e-14 0.0
44055.53 6.702382932860929e-14 0.0
44065.53 6.839287614781577e-14 0.0
44075.53 5.960957539824221e-14 0.0
44085.53 6.306969401869936e-14 0.0
44095.53 6.65884046093591e-14 0.0
44105.53 6.614598616802702e-14 0.0
44115.53 6.111280718907227e-14 0.0
44125.53 6.710805616994886e-14 0.0
44135.53 6.747065686892288e-14 0.0
44145.53 6.49575705078685e-14 0.0
44155.53 6.519514768666642e-14 0.0
44165.53 6.581594380882985e-14 0.0
44175.53 6.730264060067513e-14 0.0
44185.53 6.526861446201275e-14 0.0
44195.53 6.733957861694997e-14 0.0
44205.53 6.32142520575505e-14 0.0
44215.53 6.330140731281139e-14 0.0
44225.53 6.654170200520924e-14 0.0
44235.53 6.878539369182129e-14 0.0
44245.53 6.666328765290999e-14 0.0
44255.53 6.221922235326024e-14 0.0
44265.53 6.694262808233986e-14 0.0
44275.53 6.798395310689867e-14 0.0
44285.53 6.685997309592236e-14 0.0
44295.53 6.440853911187137e-14 0.0
44305.53 6.380039980863905e-14 0.0
44315.53 6.832166367919016e-14 0.0
44325.53 6.332327813099644e-14 0.0
44335.53 6.777259429376534e-14 0.0
44345.53 6.522194497685113e-14 0.0
44355.53 6.512908651905446e-14 0.0
44365.53 6.284508135678553e-14 0.0
44375.53 6.791924651040549e-14 0.0
44385.53 6.597289029878114e-14 0.0
44395.53 6.703648740617841e-14 0.0
44405.53 6.140325696117817e-14 0.0
44415.53 6.548229641785214e-14 0.0
44425.53 6.816629759257628e-14 0.0
44435.53 6.506689242610012e-14 0.0
44445.53 6.412614704640219e-14 0.0
44455.53 6.429032952706364e-14 0.0
44465.53 6.522026078947836e-14 0.0
44475.53 6.713678703385834e-14 0.0
44485.53 6.428178780197806e-14 0.0
44495.53 6.359057031481548e-14 0.0
44505.53 6.365244349874982e-14 0.0
44515.53 6.698609842993881e-14 0.0
44525.53 6.438815348125605e-14 0.0
44535.53 6.375637055164381e-14 0.0
44545.53 6.492915643163433e-14 0.0
44555.53 6.27383988249813e-14 0.0
44565.53 6.690617749514498e-14 0.0
44575.53 6.116833903570071e-14 0.0
44585.53 6.655019342183171e-14 0.0
44595.53 6.627794534485299e-14 0.0
44605.53 6.29329660172636e-14 0.0
44615.53 6.184857216254562e-14 0.0
44625.53 6.605262806005314e-14 0.0
44635.53 6.655932896730589e-14 0.0
44645.53 6.384198242155407e-14 0.0
44655.53 6.054144471439191e-14 0.0
44665.53 5.744582027815234e-14 0.0
44675.53 6.010182780673962e-14 0.0
44685.53 6.432048422159372e-14 0.0
44695.53 6.395924637083856e-14 0.0
44705.53 5.961768858950744e-14 0.0
44715.53 5.991465970665542e-14 0.0
44725.53 6.434854475156967e-14 0.0
44735.53 6.391409687571287e-14 0.0
44745.53 6.315994459572383e-14 0.0
44755.53 6.07251467252157e-14 0.0
44765.53 6.388753006848707e-14 0.0
44775.53 5.906909833488667e-14 0.0
44785.53 6.382967623455846e-14 0.0
44795.53 6.355689597339643e-14 0.0
44805.53 6.207253571664219e-14 0.0
44815.53 6.016384123286026e-14 0.0
44825.53 6.55773412344453e-14 0.0
44835.53 6.092142898186867e-14 0.0
44845.53 6.498906729301628e-14 0.0
44855.53 5.824783348911104e-14 0.0
44865.53 6.505317599409829e-14 0.0
44875.53 6.335111621423858e-14 0.0
44885.53 6.181891972149557e-14 0.0
44895.53 5.955549721367599e-14 0.0
44905.53 6.184155774109608e-14 0.0
44915.53 6.333239794151015e-14 0.0
44925.53 6.157876594788145e-14 0.0
44935.53 6.237367836782326e-14 0.0
44945.53 6.156411667055388e-14 0.0
44955.53 5.948538475497523e-14 0.0
44965.53 6.16355473944237e-14 0.0
44975.53 6.356945392505374e-14 0.0
44985.53 6.273036184418201e-14 0.0
44995.53 6.461525137224783e-14 0.0
45005.53 5.590088448267452e-14 0.0
45015.53 6.344139994466201e-14 0.0
45025.53 6.448952378769806e-14 0.0
45035.53 6.213368180352415e-14 0.0
45045.53 6.212395023272872e-14 0.0
45055.53 5.910578098396281e-14 0.0
45065.53 6.070783099875807e-14 0.0
45075.53 6.148405599120561e-14 0.0
45085.53 6.390847590551789e-14 0.0
45095.53 5.92911351576965e-14 0.0
45105.53 6.006516774962037e-14 0.0
45115.53 6.186938780267151e-14 0.0
45125.53 6.298978609777268e-14 0.0
45135.53 5.71582395853098e-14 0.0
45145.53 6.191365871154916e-14 0.0
45155.53 6.259119762511221e-14 0.0
45165.53 6.017165999414952e-14 0.0
45175.53 6.240783889688961e-14 0.0
45185.53 6.077395760495918e-14 0.0
45195.53 5.935918428251892e-14 0.0
45205.53 6.291082333194273e-14 0.0
45215.53 5.788233003337307e-14 0.0
45225.53 6.024100725519711e-14 0.0
45235.53 6.338045384887634e-14 0.0
45245.53 5.634140487140256e-14 0.0
45255.53 5.632802822666752e-14 0.0
45265.53 6.035281099187559e-14 0.0
45275.53 5.366288669579421e-14 0.0
45285.53 6.073396580726938e-14 0.0
45295.53 6.067008598110717e-14 0.0
45305.53 6.125333372034791e-14 0.0
45315.53 5.6820964832645514e-14 0.0
45325.53 5.772484160115422e-14 0.0
45335.53 5.789972190279869e-14 0.0
45345.53 6.015767024843841e-14 0.0
45355.53 6.080774008998627e-14 0.0
45365.53 5.90776576359059e-14 0.0
45375.53 6.199688943023137e-14 0.0
45385.53 5.482566261834677e-14 0.0
45395.53 6.02966500684356e-14 0.0
45405.53 6.142128458706422e-14 0.0
45415.53 5.799748612263946e-14 0.0
45425.53 5.965377297656595e-14 0.0
45435.53 5.953546757645e-14 0.0
45445.53 5.886825768572476e-14 0.0
45455.53 5.805668643058128e-14 0.0
45465.53 5.678403338749346e-14 0.0
45475.53 5.951071516673678e-14 0.0
45485.53 6.191253048483925e-14 0.0
45495.53 5.817009720051893e-14 0.0
45505.53 5.770143245599341e-14 0.0
45515.53 5.860708875469751e-14 0.0
45525.53 5.647038437293203e-14 0.0
45535.53 6.019301928516725e-14 0.0
45545.53 5.885255249712514e-14 0.0
45555.53 6.181303425202792e-14 0.0
45565.53 5.5368535433660783e-14 0.0
45575.53 6.094872167383095e-14 0.0
45585.53 5.898357541005332e-14 0.0
45595.53 5.585020938664627e-14 0.0
45605.53 6.077371127719021e-14 0.0
45615.53 5.973884588867629e-14 0.0
45625.53 5.611596379141398e-14 0.0
45635.53 5.817529053289561e-14 0.0
45645.53 5.954533067955074e-14 0.0
45655.53 5.95326556692636e-14 0.0
45665.53 5.562447426975796e-14 0.0
45675.53 5.6516386519215685e-14 0.0
45685.53 6.032455091284866e-14 0.0
45695.53 5.6460221482371945e-14 0.0
45705.53 5.692714546566476e-14 0.0
45715.53 5.98203589158622e-14 0.0
45725.53 6.049491526362882e-14 0.0
45735.53 5.400435752659473e-14 0.0
45745.53 5.976139074391702e-14 0.0
45755.53 5.5190075356376e-14 0.0
45765.53 5.769101207403481e-14 0.0
45775.53 6.048222396780977e-14 0.0
45785.53 5.739335335936304e-14 0.0
45795.53 5.731766145493406e-14 0.0
45805.53 5.518889706207796e-14 0.0
45815.53 5.9186636552116e-14 0.0
45825.53 5.555746623048404e-14 0.0
45835.53 5.956910726495708e-14 0.0
45845.53 5.421579561539449e-14 0.0
45855.53 5.6281612041414826e-14 0.0
45865.53 5.6645047580032125e-14 0.0
45875.53 5.441017384256719e-14 0.0
45885.53 5.6369965494924526e-14 0.0
45895.53 5.423069833953826e-14 0.0
45905.53 5.5822357565588525e-14 0.0
45915.53 5.82518724360181e-14 0.0
45925.53 5.836556846547655e-14 0.0
45935.53 5.620738147131367e-14 0.0
45945.53 5.432779203618659e-14 0.0
45955.53 5.299627813890452e-14 0.0
45965.53 5.606789579000549e-14 0.0
45975.53 5.891987316964245e-14 0.0
45985.53 5.823905686326034e-14 0.0
45995.53 5.427615934823565e-14 0.0
46005.53 5.712446336832653e-14 0.0
46015.53 5.556438263433971e-14 0.0
46025.53 5.3617173424803264e-14 0.0
46035.53 5.734475133279807e-14 0.0
46045.53 5.457066396764521e-14 0.0
46055.53 5.762500355349098e-14 0.0
46065.53 5.924709591762388e-14 0.0
46075.53 5.5539052035966216e-14 0.0
46085.53 5.3796844600383944e-14 0.0
46095.53 5.20952585581107e-14 0.0
46105.53 5.793758235383496e-14 0.0
46115.53 5.691221591307588e-14 0.0
46125.53 5.6081992903760106e-14 0.0
46135.53 5.817395297655115e-14 0.0
46145.53 5.313412756431684e-14 0.0
46155.53 5.5442038361432086e-14 0.0
46165.53 5.435736822309556e-14 0.0
46175.53 5.555951001113618e-14 0.0
46185.53 5.836589438390233e-14 0.0
46195.53 5.68583016823245e-14 0.0
46205.53 5.0802091010991594e-14 0.0
46215.53 5.61849885459904e-14 0.0
46225.53 5.692831179429893e-14 0.0
46235.53 5.6398194959004364e-14 0.0
46245.53 5.604419860599702e-14 0.0
46255.53 5.150900602242912e-14 0.0
46265.53 5.3821479347956375e-14 0.0
46275.53 5.6555322782827795e-14 0.0
46285.53 5.79963774544497e-14 0.0
46295.53 5.561333849833049e-14 0.0
46305.53 5.325618414116044e-14 0.0
46315.53 5.4854516226594725e-14 0.0
46325.53 5.758177390883284e-14 0.0
46335.53 5.2810296943737665e-14 0.0
46345.53 5.5596183038447424e-14 0.0
46355.53 5.70198366781295e-14 0.0
46365.53 5.372799466149644e-14 0.0
46375.53 5.352931070909598e-14 0.0
46385.53 5.5434651354011857e-14 0.0
46395.53 5.3076736048911775e-14 0.0
46405.53 5.6594909824500254e-14 0.0
46415.53 5.542048200952267e-14 0.0
46425.53 5.342798690873323e-14 0.0
46435.53 5.408320211544666e-14 0.0
46445.53 5.460606481896762e-14 0.0
46455.53 5.655010133028076e-14 0.0
46465.53 5.30221177206995e-14 0.0
46475.53 5.51794887799357e-14 0.0
46485.53 5.1724559974021516e-14 0.0
46495.53 5.212034759592252e-14 0.0
46505.53 5.355747775214156e-14 0.0
46515.53 5.579380230749088e-14 0.0
46525.53 5.2682354766401e-14 0.0
46535.53 5.098880911952861e-14 0.0
46545.53 5.356594853689431e-14 0.0
46555.53 5.457158762398697e-14 0.0
46565.53 5.4518022733445844e-14 0.0
46575.53 5.4270736639336863e-14 0.0
46585.53 5.343530872373328e-14 0.0
46595.53 5.1665166930349995e-14 0.0
46605.53 5.1120670354199575e-14 0.0
