reference_uv_spectra/lya_masked/K1-5170-hd97658-muscles.spec
# %ECSV 0.9
# ---
# datatype:
# - {name: w, datatype: float64}
# - {name: f, datatype: float64}
# - {name: e, datatype: float64}
# meta: !!omap
# - {distance: 10}
# - {w0: 1170.0}
# - {filename: K1-5170-hd97658-muscles.spec}
# schema: astropy-2.0
w f e
[from data line 700]
1333.3819999999992 1.4426989195894204e-16 6.080506034307083e-16
1333.431999999999 1.7759552768655338e-16 6.126895593679949e-16
1333.481999999999 3.1625471691228083e-16 6.226186081611856e-16
1333.531999999999 4.218620291046736e-16 6.303391518269336e-16
1333.581999999999 8.568960356177636e-18 5.959083042196516e-16
1333.631999999999 3.1824544670966e-17 6.001963840409781e-16
1333.6819999999989 1.23818187064961e-16 6.069552756901997e-16
1333.7319999999988 1.546530703955281e-16 6.096092986093368e-16
1333.7819999999988 5.294278989279281e-17 6.011775257551029e-16
1333.8319999999987 2.913529394607632e-16 6.205163543316421e-16
1333.8819999999987 2.6620566979078963e-16 6.180688033216007e-16
1333.9319999999987 7.533999531540187e-17 6.04283385061122e-16
1333.9819999999986 1e-20 5.942018119364289e-16
1334.0319999999986 1e-20 5.859604429491449e-16
1334.0819999999985 6.188520245612678e-17 6.006565465676177e-16
1334.1319999999985 1e-20 5.955060802647738e-16
1334.1819999999984 2.1100143266214697e-16 6.118286306638059e-16
1334.2319999999984 6.187455590549828e-16 6.449399975344662e-16
1334.2819999999983 1.0380401962417576e-15 6.758157129242556e-16
1334.3319999999983 1.2918859408505233e-15 6.944595699561134e-16
1334.3819999999982 1.9585410144992093e-15 7.412201970517312e-16
1334.4319999999982 5.418280907909411e-15 9.383768290572744e-16
1334.4819999999982 1.1382339252200601e-14 1.186236955775349e-15
1334.531999999998 1.900053194055062e-14 1.4280745779229457e-15
1334.581999999998 1.8464585337325385e-14 1.4173790594748249e-15
1334.631999999998 1.019196074768874e-14 1.14825982815305e-15
1334.681999999998 9.183636038205411e-15 1.1088536838888853e-15
1334.731999999998 5.4660375988348055e-15 9.436776822904018e-16
1334.7819999999979 2.823138844789895e-15 7.987308964770603e-16
1334.8319999999978 1.814297880460179e-15 7.321134517282038e-16
1334.8819999999978 6.71986341662548e-16 6.494474005862596e-16
1334.9319999999977 8.738546182175164e-16 6.658478009034223e-16
1334.9819999999977 6.02635736532071e-16 6.434587433077317e-16
1335.0319999999977 3.6407263203364273e-16 6.245359136490061e-16
1335.0819999999976 2.3245603117019366e-16 6.132841102926545e-16
1335.1319999999976 5.097875790234139e-16 6.358852116520657e-16
1335.1819999999975 4.444339701909954e-16 6.300225948479685e-16
1335.2319999999975 5.814218970891541e-16 6.421561514785841e-16
1335.2819999999974 7.296400376209894e-16 6.536819709902856e-16
1335.3319999999974 3.8694490334049815e-16 6.260014107550033e-16
1335.3819999999973 8.807886902385533e-16 6.639439300831809e-16
1335.4319999999973 1.2234101418373524e-15 6.896642778332443e-16
1335.4819999999972 2.7714276828529074e-15 7.943533146915352e-16
1335.5319999999972 4.257095909936772e-15 8.802213659017986e-16
1335.5819999999972 8.568062807633493e-15 1.0798117159095402e-15
1335.631999999997 1.7810852509244557e-14 1.3943214843871187e-15
1335.681999999997 3.379610554953789e-14 1.7879651862447995e-15
1335.731999999997 4.283354927757168e-14 1.9725720460473892e-15
1335.781999999997 4.2069599443567804e-14 1.958869283909143e-15
1335.831999999997 3.349174099873214e-14 1.7849663583731765e-15
1335.8819999999969 1.8681597937737037e-14 1.4230989273829092e-15
1335.9319999999968 8.893337867652647e-15 1.094202254667371e-15
1335.9819999999968 5.1552031320521736e-15 9.260852134371473e-16
1336.0319999999967 2.54384985715065e-15 7.807119351776535e-16
1336.0819999999967 2.128188234667053e-15 7.523802871340001e-16
1336.1319999999967 7.471691552839581e-16 6.544520348503245e-16
1336.1819999999966 4.221017447175723e-16 6.292969968751108e-16
1336.2319999999966 4.4342521700798687e-16 6.317103331859777e-16
1336.2819999999965 3.33967323390845e-16 6.237423726057488e-16
1336.3319999999965 4.922665117085225e-16 6.344591444994554e-16
1336.3819999999964 1.391935340736241e-16 6.078085425310702e-16
1336.4319999999964 2.623410356039912e-16 6.176800485684426e-16
1336.4819999999963 1e-20 5.927328267111815e-16
1336.5319999999963 5.765416179735998e-17 6.003735193451054e-16
1336.5819999999962 2.93093807845597e-17 5.997526273029011e-16
1336.6319999999962 1e-20 5.910730278975653e-16
1336.6819999999962 1.3483142108865463e-16 6.086651370271222e-16
1336.731999999996 5.2533547552025533e-17 6.005087952085769e-16
1336.781999999996 2.602175866488531e-16 6.171615686030501e-16
1336.831999999996 9.875471140850989e-17 6.032805043103636e-16
1336.881999999996 1.19457812904112e-17 5.964139761022083e-16
1336.931999999996 6.268412418845324e-17 6.007301006124713e-16
1336.9819999999959 1e-20 5.9296352954104115e-16
1337.0319999999958 6.583164164194035e-17 6.018398165111174e-16
1337.0819999999958 8.392710010381277e-18 5.96413636745839e-16
1337.1319999999957 1.2637466041664144e-16 6.065352029297108e-16
1337.1819999999957 1e-20 5.881317232560927e-16
1337.2319999999957 2.2279404088159075e-16 6.138973974946451e-16
1337.2819999999956 1e-20 5.926696384926271e-16
1337.3319999999956 3.314478244027863e-16 6.233994127943609e-16
1337.3819999999955 5.965401872158629e-17 6.013904738566273e-16
1337.4319999999955 2.2642848734688302e-16 6.167188039640335e-16
1337.4819999999954 3.8622226636619866e-17 5.991955956404159e-16
1337.5319999999954 4.3079234880452115e-17 5.999249756570656e-16
1337.5819999999953 1e-20 5.951781957749262e-16
1337.6319999999953 2.7041456042981723e-16 6.197322581563619e-16
1337.6819999999952 1.4148033337964477e-16 6.972438753317364e-16
1337.708 1.366351909139155e-16 6.083219106087722e-17
1347.708 1.6608902007878387e-16 4.3566640526545653e-17
1357.708 1.2902583781408702e-16 3.3970681442618615e-17
1367.708 1.7814013828077042e-16 4.519612606137611e-17
1377.708 1.7949097935928124e-16 4.619091804802261e-17
1387.708 1.7936025256056235e-16 5.619049319908196e-17
1391.76 1.8726791021128551e-16 1.096585916416404e-16
1391.81 1.134358807560281e-16 6.70325493146719e-16
1391.86 2.1642889711857646e-16 6.785371554860876e-16
1391.9099999999999 1.715370844631629e-16 6.758308959435533e-16
1391.9599999999998 1e-20 6.530705035907344e-16
1392.0099999999998 2.2203090113933767e-16 6.79106743243165e-16
1392.0599999999997 1.737815829637126e-16 6.769601218905318e-16
1392.1099999999997 1e-20 6.461833157602261e-16
1392.1599999999996 3.1000993071007983e-16 6.869974194947572e-16
1392.2099999999996 6.56109737969146e-17 6.662126996394668e-16
1392.2599999999995 1.0475033491570745e-16 6.692866222816712e-16
1392.3099999999995 1.0364492803189396e-16 6.696288969840032e-16
1392.3599999999994 3.7152384009487893e-17 6.626597268855282e-16
1392.4099999999994 2.0488583552519452e-16 6.773614341526389e-16
1392.4599999999994 2.1606058751913439e-16 6.789187802994091e-16
1392.5099999999993 2.8932740145108807e-16 6.841517205015444e-16
1392.5599999999993 1.7052520537506215e-16 6.74923655919475e-16
1392.6099999999992 7.75874292482664e-16 7.230677751137569e-16
1392.6599999999992 1.587164534677254e-16 6.750749525043671e-16
1392.7099999999991 2.3276492564639086e-16 6.813033781194182e-16
1392.759999999999 1.099039724082937e-16 6.699244358412648e-16
1392.809999999999 3.073692814865798e-16 6.854687955000555e-16
1392.859999999999 2.1168647896121476e-16 6.787435599311119e-16
1392.909999999999 2.5752460772080074e-16 6.834309576362175e-16
1392.959999999999 1.450613174646517e-16 6.732756528722824e-16
1393.0099999999989 4.311562809343908e-16 6.978506285619511e-16
1393.0599999999988 3.3334802377057694e-16 6.886488889357047e-16
1393.1099999999988 2.1375610181555453e-16 6.789966198252279e-16
1393.1599999999987 4.230692374286493e-16 6.959966616038131e-16
1393.2099999999987 9.71476774505057e-17 6.690362261303472e-16
1393.2599999999986 9.498012138658695e-17 7.016144153395592e-16
1393.3099999999986 1.7823384157326934e-16 7.173495178005688e-16
1393.3599999999985 2.8636464034766686e-16 7.275806741293114e-16
1393.4099999999985 4.452563780360346e-16 7.404323224191322e-16
1393.4599999999984 1.2867232500276913e-15 8.117379353742076e-16
1393.5099999999984 1.1856089071340805e-15 8.049663693324646e-16
1393.5599999999984 2.7885518061533837e-15 9.259602643604727e-16
1393.6099999999983 2.9183744506982623e-15 9.327060743836754e-16
1393.6599999999983 6.033502738494846e-15 1.1163335947512535e-15
1393.7099999999982 1.0300589890375154e-14 1.3216287538731394e-15
1393.7599999999982 1.5803077856824107e-14 1.5340534702172678e-15
1393.8099999999981 1.5149088934483136e-14 1.5137728797985999e-15
1393.859999999998 1.2185440571087978e-14 1.31772301669456e-15
1393.909999999998 8.227566345073166e-15 1.1453656724516366e-15
1393.959999999998 4.545533968478017e-15 9.678082922095262e-16
1394.009999999998 2.9555331071275243e-15 8.750042587493266e-16
1394.059999999998 1.2694620661884063e-15 7.6301727264818e-16
1394.1099999999979 1.0595292961623479e-15 7.477984143081406e-16
1394.1599999999978 4.249499707163106e-16 6.993560563404103e-16
1394.2099999999978 5.670479108525078e-16 7.101512884110617e-16
1394.2599999999977 3.597651705162761e-16 6.934837641185035e-16
1394.3099999999977 3.266276078055796e-16 6.912616236016225e-16
1394.3599999999976 9.703529782427819e-17 6.726333085932763e-16
1394.4099999999976 4.3005725051545356e-17 6.682682607655114e-16
1394.4599999999975 1e-20 6.645263886530596e-16
1394.5099999999975 6.207572709586239e-17 6.697924287910705e-16
1394.5599999999974 1.9137321821988397e-16 6.803034974211831e-16
1394.6099999999974 2.78373532822864e-16 6.87394328271833e-16
1394.6599999999974 3.2234110930972785e-16 6.908725718070278e-16
1394.7099999999973 7.533632421607233e-17 6.701511169847726e-16
1394.7599999999973 3.7046043469701566e-16 6.951605613372849e-16
1394.8099999999972 2.9543121691886666e-16 6.895885002745075e-16
1394.8599999999972 2.621251523208592e-16 6.863974472012611e-16
1394.9099999999971 1.2528144355760912e-16 6.758839537865083e-16
1394.959999999997 1.6548787955786522e-16 6.79056659665215e-16
1395.009999999997 1e-20 6.614128029748568e-16
1395.059999999997 1.773037657687383e-16 6.795933713881651e-16
1395.109999999997 3.7038145348543203e-16 6.952105090464902e-16
1395.159999999997 1.5233877190844672e-16 6.7885836122049e-16
1395.2099999999969 2.343621759632432e-16 6.850909323331664e-16
1395.2599999999968 1e-20 6.656386988766219e-16
1395.3099999999968 1.1831323498027912e-16 6.772149524658803e-16
1395.3599999999967 7.086233922211477e-17 6.727518176633097e-16
1395.4099999999967 3.57116326969757e-16 6.950725417139577e-16
1395.4599999999966 2.152826317139718e-16 6.841339885648309e-16
1395.5099999999966 2.444681689862788e-16 6.87805530083177e-16
1395.5599999999965 7.621139952705384e-16 7.268787947276608e-16
1395.6099999999965 1e-20 6.65295043177317e-16
1395.6599999999964 2.3022782079662004e-16 6.866097393822552e-16
1395.7099999999964 1.4373411857297603e-16 6.784354980007481e-16
1395.76 1.8872485203740287e-16 9.647889951362741e-17
1400.77 2.3561407415448907e-16 9.772977010593112e-17
1400.82 1.2234103691181505e-16 6.868761835237221e-16
1400.87 3.580300470564333e-16 7.064135143275513e-16
1400.9199999999998 5.888526028003615e-16 7.254782904834127e-16
1400.9699999999998 4.1658471508508885e-16 7.125364621464257e-16
1401.0199999999998 4.855045011955756e-16 7.1773519862224e-16
1401.0699999999997 5.487152125636485e-16 7.2212471782300435e-16
1401.1199999999997 1.2686680943248152e-15 7.772793102064619e-16
1401.1699999999996 1.7666802497918625e-15 8.112330496668335e-16
1401.2199999999996 1.5833560179717539e-15 8.00446332352513e-16
1401.2699999999995 9.49075781694527e-16 7.545511213908436e-16
1401.3199999999995 1.396267014424408e-15 7.870932775722254e-16
1401.3699999999994 5.437485266460277e-16 7.227316247947134e-16
1401.4199999999994 4.437195168193188e-16 7.149776054152159e-16
1401.4699999999993 4.408118655189694e-16 7.138914065036131e-16
1401.5199999999993 5.376847919612266e-16 7.2220205257570255e-16
1401.5699999999993 5.533964014226211e-16 7.244961852836312e-16
1401.6199999999992 2.0173302922290582e-16 6.966489630952891e-16
1401.6699999999992 2.1423530748074998e-16 6.963767618624365e-16
1401.7199999999991 1.9329710196581064e-16 6.951741409667333e-16
1401.769999999999 2.3196397186144924e-16 6.992167929202103e-16
1401.819999999999 4.020664043551259e-17 6.832052521113758e-16
1401.869999999999 3.833433258627116e-16 7.1099137354365e-16
1401.919999999999 1.3617010822125903e-16 6.915563105198385e-16
1401.969999999999 2.654178109211796e-16 7.014727269295825e-16
1402.0199999999988 3.7864647847818717e-16 7.113518130339141e-16
1402.0699999999988 1.9807122559882107e-16 6.962864031068591e-16
1402.1199999999988 2.6238044885378674e-16 7.018895265136142e-16
1402.1699999999987 1.3608298875011324e-16 6.92618274759179e-16
1402.2199999999987 1.5417189410176585e-16 6.926203031061185e-16
1402.2699999999986 3.953508040993205e-16 7.122397228438486e-16
1402.3199999999986 1e-20 6.79240029920284e-16
1402.3699999999985 2.35494678794967e-16 7.024561454706673e-16
1402.4199999999985 1.625247228914587e-16 6.950125271388114e-16
1402.4699999999984 2.407791844675944e-16 7.020961432542226e-16
1402.5199999999984 7.437735819713367e-16 7.421190084608328e-16
1402.5699999999983 6.735526788181927e-16 7.350017618936841e-16
1402.6199999999983 1.560811524931313e-15 8.014753999545155e-16
1402.6699999999983 3.662643818484862e-15 9.383555079384654e-16
1402.7199999999982 4.723783252222474e-15 9.958461014020239e-16
1402.7699999999982 7.241855971491606e-15 1.1218763275023317e-15
1402.8199999999981 9.182813105798123e-15 1.2094955730369706e-15
1402.869999999998 5.6928688602742e-15 1.0510237000151177e-15
1402.919999999998 4.311387995908209e-15 9.777262248139295e-16
1402.969999999998 2.8850666321518548e-15 8.916819285459252e-16
1403.019999999998 1.2099132752445758e-15 7.793287402904424e-16
1403.069999999998 7.721194886210277e-16 7.449062740380291e-16
1403.1199999999978 5.210283101076987e-16 7.247213611631056e-16
1403.1699999999978 3.8192990674347573e-16 7.13278022078128e-16
1403.2199999999978 4.406682081612669e-16 7.185396159143692e-16
1403.2699999999977 2.72066345081785e-16 7.05771712323076e-16
1403.3199999999977 7.106989932668149e-16 7.404258809031984e-16
1403.3699999999976 3.84825703119895e-16 7.158473074510443e-16
1403.4199999999976 2.2775073749476085e-16 7.019568674428718e-16
1403.4699999999975 2.7586281745592027e-16 7.064521769158565e-16
1403.5199999999975 2.8338741534236877e-16 7.072336260079447e-16
1403.5699999999974 3.1627540618574084e-16 7.103315291672563e-16
1403.6199999999974 1.3276520670239692e-17 6.8610841157955e-16
1403.6699999999973 9.925190566619073e-17 6.924459752628163e-16
1403.7199999999973 5.003312011144954e-16 7.250700909063481e-16
1403.7699999999973 1e-20 6.837423737715317e-16
1403.8199999999972 1.435901516713058e-16 6.965869329287791e-16
1403.8699999999972 1.833152060984917e-16 6.99189919518037e-16
1403.9199999999971 1.8624800087599935e-16 6.987899447841694e-16
1403.969999999997 1.7933952662792286e-16 6.993703556040439e-16
1404.019999999997 2.6153360767672064e-16 7.068436531354803e-16
1404.069999999997 3.47836727412908e-17 6.874659301884795e-16
1404.119999999997 2.4089232145183197e-16 7.066236370401969e-16
1404.169999999997 2.50362761655069e-16 7.099479072047609e-16
1404.2199999999968 2.1612877770389421e-16 7.042763980493567e-16
1404.2699999999968 1e-20 6.802621400027868e-16
1404.3199999999968 3.0823263603490144e-16 7.123504586618887e-16
1404.3699999999967 3.2341929600214343e-17 6.906550497509382e-16
1404.4199999999967 5.1261694998554945e-17 6.920431052086152e-16
1404.4699999999966 7.789710000438793e-17 6.927552399294201e-16
1404.5199999999966 6.168402819291419e-16 7.448316457332426e-16
1404.5699999999965 3.3899475522314123e-16 7.186996517167125e-16
1404.6199999999965 5.120599230067616e-16 7.327961847750877e-16
1404.6699999999964 2.2205449927743226e-16 7.047256119495937e-16
1404.7199999999964 6.699435504591232e-16 7.421926158899754e-16
1404.77 2.5481529562497473e-16 7.13242360821857e-17
1414.77 2.298018842859473e-16 5.1957852058541786e-17
1424.77 2.7830948557337677e-16 5.809973783479725e-17
1434.77 2.8326273283819556e-16 6.855197508282713e-17
1444.77 2.9848133472611536e-16 7.111696513187495e-17
1454.77 3.133446272825316e-16 8.612466539999037e-17
1464.77 3.806625066950972e-16 1.3202531531309468e-16
