reference_uv_spectra/lya_masked/K1-5170-hd97658-muscles.spec
# %ECSV 0.9
# ---
# datatype:
# - {name: w, datatype: float64}
# - {name: f, datatype: float64}
# - {name: e, datatype: float64}
# meta: !!omap
# - {distance: 10}
# - {w0: 1170.0}
# - {filename: K1-5170-hd97658-muscles.spec}
# schema: astropy-2.0
w f e
[from data line 4280]
28535.53 3.639793427969526e-13 0.0
28545.53 3.614048593043326e-13 0.0
28555.53 3.6271566023644036e-13 0.0
28565.53 3.645336002049163e-13 0.0
28575.53 3.6452067929302364e-13 0.0
28585.53 3.6433157455136723e-13 0.0
28595.53 3.6234154734592056e-13 0.0
28605.53 3.6093538912014797e-13 0.0
28615.53 3.6146672009114563e-13 0.0
28625.53 3.594774300836193e-13 0.0
28635.53 3.6210304451231255e-13 0.0
28645.53 3.6110790099591093e-13 0.0
28655.53 3.604097407767264e-13 0.0
28665.53 3.5923494602442907e-13 0.0
28675.53 3.595335180232595e-13 0.0
28685.53 3.5779118224233336e-13 0.0
28695.53 3.555060371126838e-13 0.0
28705.53 3.5134797696106717e-13 0.0
28715.53 3.5460095361736327e-13 0.0
28725.53 3.521943248823368e-13 0.0
28735.53 3.53850060990147e-13 0.0
28745.53 3.541666909664362e-13 0.0
28755.53 3.5383830334036455e-13 0.0
28765.53 3.5507296531067123e-13 0.0
28775.53 3.5502519184908827e-13 0.0
28785.53 3.5430526972956777e-13 0.0
28795.53 3.5352160498998765e-13 0.0
28805.53 3.5362705698276635e-13 0.0
28815.53 3.530003592763335e-13 0.0
28825.53 3.5257851642599003e-13 0.0
28835.53 3.519293948537085e-13 0.0
28845.53 3.5227446976337746e-13 0.0
28855.53 3.466211414102957e-13 0.0
28865.53 3.508098354137162e-13 0.0
28875.53 3.445731477300968e-13 0.0
28885.53 3.4791424383381606e-13 0.0
28895.53 3.4990648382284014e-13 0.0
28905.53 3.480363360495709e-13 0.0
28915.53 3.491694597441551e-13 0.0
28925.53 3.483102476291131e-13 0.0
28935.53 3.480645519478887e-13 0.0
28945.53 3.4685429687196814e-13 0.0
28955.53 3.4712394606657625e-13 0.0
28965.53 3.4545754302139834e-13 0.0
28975.53 3.4517851517624275e-13 0.0
28985.53 3.453077866751754e-13 0.0
28995.53 3.4543413066810023e-13 0.0
29005.53 3.421948863084684e-13 0.0
29015.53 3.424647405843114e-13 0.0
29025.53 3.4224300519670467e-13 0.0
29035.53 3.4291944237318973e-13 0.0
29045.53 3.4307617298753e-13 0.0
29055.53 3.4025481371679555e-13 0.0
29065.53 3.391172842782743e-13 0.0
29075.53 3.4224645530483564e-13 0.0
29085.53 3.404661112391542e-13 0.0
29095.53 3.408550325671393e-13 0.0
29105.53 3.395140285550678e-13 0.0
29115.53 3.399076429908582e-13 0.0
29125.53 3.395784674997376e-13 0.0
29135.53 3.3851110242847845e-13 0.0
29145.53 3.3878332894052774e-13 0.0
29155.53 3.375458552972922e-13 0.0
29165.53 3.377493639877414e-13 0.0
29175.53 3.376415733542007e-13 0.0
29185.53 3.3697779889279016e-13 0.0
29195.53 3.3709857700707225e-13 0.0
29205.53 3.354404361250792e-13 0.0
29215.53 3.357174480172619e-13 0.0
29225.53 3.290033891531809e-13 0.0
29235.53 3.305834201547595e-13 0.0
29245.53 3.3372260103817367e-13 0.0
29255.53 3.315298480032149e-13 0.0
29265.53 3.2985003575812e-13 0.0
29275.53 3.333797021482053e-13 0.0
29285.53 3.2550774432978954e-13 0.0
29295.53 3.3184583049296087e-13 0.0
29305.53 3.320036557597426e-13 0.0
29315.53 3.310327561024136e-13 0.0
29325.53 3.309221501603198e-13 0.0
29335.53 3.2959689513903926e-13 0.0
29345.53 3.243440770056452e-13 0.0
29355.53 3.298018814599361e-13 0.0
29365.53 3.285388768182727e-13 0.0
29375.53 3.285529233932771e-13 0.0
29385.53 3.2300105345129876e-13 0.0
29395.53 3.280193154918381e-13 0.0
29405.53 3.274111093630002e-13 0.0
29415.53 3.268783363925252e-13 0.0
29425.53 3.2710711197388234e-13 0.0
29435.53 3.2350557288607635e-13 0.0
29445.53 3.245235008714281e-13 0.0
29455.53 3.245754570968481e-13 0.0
29465.53 3.2270259651395335e-13 0.0
29475.53 3.201382970030138e-13 0.0
29485.53 3.2428615076495796e-13 0.0
29495.53 3.230936134914472e-13 0.0
29505.53 3.2206272587950317e-13 0.0
29515.53 3.232196649324269e-13 0.0
29525.53 3.228885461134678e-13 0.0
29535.53 3.2206902249743993e-13 0.0
29545.53 3.209334168811767e-13 0.0
29555.53 3.2045620447042356e-13 0.0
29565.53 3.206086719348531e-13 0.0
29575.53 3.2003515977790284e-13 0.0
29585.53 3.2047413883268815e-13 0.0
29595.53 3.1966948048474246e-13 0.0
29605.53 3.152172842551047e-13 0.0
29615.53 3.180552398751556e-13 0.0
29625.53 3.1836658325015274e-13 0.0
29635.53 3.1776150036869593e-13 0.0
29645.53 3.1547211021828764e-13 0.0
29655.53 3.173845484368187e-13 0.0
29665.53 3.1705748883532384e-13 0.0
29675.53 3.1685923268220733e-13 0.0
29685.53 3.1530404472154376e-13 0.0
29695.53 3.1234284580766735e-13 0.0
29705.53 3.1308210775269295e-13 0.0
29715.53 3.14539401039854e-13 0.0
29725.53 3.1380632215344013e-13 0.0
29735.53 3.146103314743014e-13 0.0
29745.53 3.1405664236191783e-13 0.0
29755.53 3.130573829933115e-13 0.0
29765.53 3.1244168084523655e-13 0.0
29775.53 3.130843407763874e-13 0.0
29785.53 3.119162005094766e-13 0.0
29795.53 3.0928577538892314e-13 0.0
29805.53 3.117274092573609e-13 0.0
29815.53 3.1104705464349205e-13 0.0
29825.53 3.1089137511763003e-13 0.0
29835.53 3.103991756619267e-13 0.0
29845.53 3.1025869751740817e-13 0.0
29855.53 3.0982295407157137e-13 0.0
29865.53 3.090939458838887e-13 0.0
29875.53 3.075505919608211e-13 0.0
29885.53 3.072496354543946e-13 0.0
29895.53 3.0665652330841645e-13 0.0
29905.53 3.0695650219985547e-13 0.0
29915.53 3.0609374970282265e-13 0.0
29925.53 3.069851409065803e-13 0.0
29935.53 3.0601180174407064e-13 0.0
29945.53 3.062881955708701e-13 0.0
29955.53 3.0548431883713487e-13 0.0
29965.53 3.0142117449105266e-13 0.0
29975.53 3.0496367414497287e-13 0.0
29985.53 3.0405115246688373e-13 0.0
29995.53 3.0099766413988556e-13 0.0
30005.53 2.9732420710162353e-13 0.0
30015.53 3.0327210154488407e-13 0.0
30025.53 3.029520783493142e-13 0.0
30035.53 3.0213536432436705e-13 0.0
30045.53 3.0121379779818007e-13 0.0
30055.53 3.019689044354847e-13 0.0
30065.53 3.008411134340198e-13 0.0
30075.53 2.9825545688199374e-13 0.0
30085.53 2.9797772564708057e-13 0.0
30095.53 2.9991489129976433e-13 0.0
30105.53 2.9938446868822276e-13 0.0
30115.53 2.9991747855925473e-13 0.0
30125.53 2.9927631925814306e-13 0.0
30135.53 2.98971752379658e-13 0.0
30145.53 2.9809083549400535e-13 0.0
30155.53 2.9751473627344107e-13 0.0
30165.53 2.9727570344734746e-13 0.0
30175.53 2.9721639740322405e-13 0.0
30185.53 2.970154610869847e-13 0.0
30195.53 2.956398072122663e-13 0.0
30205.53 2.9254651885980803e-13 0.0
30215.53 2.957816562875509e-13 0.0
30225.53 2.953916295458354e-13 0.0
30235.53 2.949925568456148e-13 0.0
30245.53 2.9258420058821594e-13 0.0
30255.53 2.9470012955862655e-13 0.0
30265.53 2.920809389047208e-13 0.0
30275.53 2.9214154715744496e-13 0.0
30285.53 2.9326328294139263e-13 0.0
30295.53 2.9302754763573854e-13 0.0
30305.53 2.9253458525348917e-13 0.0
30315.53 2.918401654020978e-13 0.0
30325.53 2.908270290635998e-13 0.0
30335.53 2.877011257723585e-13 0.0
30345.53 2.9039514963780807e-13 0.0
30355.53 2.899734238288891e-13 0.0
30365.53 2.888718835193071e-13 0.0
30375.53 2.8808094724274975e-13 0.0
30385.53 2.8637872809496453e-13 0.0
30395.53 2.822068128348473e-13 0.0
30405.53 2.866899556977631e-13 0.0
30415.53 2.820787731481365e-13 0.0
30425.53 2.8741795562374747e-13 0.0
30435.53 2.8575191126922943e-13 0.0
30445.53 2.8714493731324e-13 0.0
30455.53 2.8509746093856136e-13 0.0
30465.53 2.8684009689472907e-13 0.0
30475.53 2.8603372100219437e-13 0.0
30485.53 2.8008447462155817e-13 0.0
30495.53 2.85666200398373e-13 0.0
30505.53 2.8540803818813957e-13 0.0
30515.53 2.853209656072648e-13 0.0
30525.53 2.840798966995974e-13 0.0
30535.53 2.8398716384222844e-13 0.0
30545.53 2.8118826823333276e-13 0.0
30555.53 2.8370211857840087e-13 0.0
30565.53 2.8308763047735525e-13 0.0
30575.53 2.8309685162874364e-13 0.0
30585.53 2.8152527185869157e-13 0.0
30595.53 2.8244891997628734e-13 0.0
30605.53 2.820758151515895e-13 0.0
30615.53 2.819598658292029e-13 0.0
30625.53 2.8155617967668484e-13 0.0
30635.53 2.8088990377742677e-13 0.0
30645.53 2.752653688442846e-13 0.0
30655.53 2.786701040500494e-13 0.0
30665.53 2.7994243213688797e-13 0.0
30675.53 2.797350873043656e-13 0.0
30685.53 2.7625762645855446e-13 0.0
30695.53 2.7887100208437e-13 0.0
30705.53 2.77989751128923e-13 0.0
30715.53 2.7806102449657054e-13 0.0
30725.53 2.7771290044299197e-13 0.0
30735.53 2.77131117288568e-13 0.0
30745.53 2.7672687711032796e-13 0.0
30755.53 2.771446600841096e-13 0.0
30765.53 2.7650596427906334e-13 0.0
30775.53 2.763927814324569e-13 0.0
30785.53 2.7437814597701066e-13 0.0
30795.53 2.75188525260921e-13 0.0
30805.53 2.7343474584385483e-13 0.0
30815.53 2.742898590327927e-13 0.0
30825.53 2.7330659680783755e-13 0.0
30835.53 2.7217800037730146e-13 0.0
30845.53 2.712585471705246e-13 0.0
30855.53 2.7082563371999803e-13 0.0
30865.53 2.7081192176138897e-13 0.0
30875.53 2.7232502792879893e-13 0.0
30885.53 2.7246417324182864e-13 0.0
30895.53 2.7217703527987275e-13 0.0
30905.53 2.688380606350209e-13 0.0
30915.53 2.67692176063508e-13 0.0
30925.53 2.709819495078933e-13 0.0
30935.53 2.706323847624446e-13 0.0
30945.53 2.704223652314853e-13 0.0
30955.53 2.70147789638993e-13 0.0
30965.53 2.689531529863815e-13 0.0
30975.53 2.659090476456807e-13 0.0
30985.53 2.685513368602648e-13 0.0
30995.53 2.6890239052684567e-13 0.0
31005.53 2.6874442164165727e-13 0.0
31015.53 2.6830285651587466e-13 0.0
31025.53 2.679845584842198e-13 0.0
31035.53 2.6764209508565335e-13 0.0
31045.53 2.670117364578238e-13 0.0
31055.53 2.645009646990011e-13 0.0
31065.53 2.6692290724311297e-13 0.0
31075.53 2.6594256111304373e-13 0.0
31085.53 2.66182609840014e-13 0.0
31095.53 2.656329546717492e-13 0.0
31105.53 2.654783752378683e-13 0.0
31115.53 2.650956823178449e-13 0.0
31125.53 2.6450996613533695e-13 0.0
31135.53 2.634937958187896e-13 0.0
31145.53 2.540805658976787e-13 0.0
31155.53 2.482953233240446e-13 0.0
31165.53 2.600696783299932e-13 0.0
31175.53 2.6223699726576977e-13 0.0
31185.53 2.6215201436943894e-13 0.0
31195.53 2.620329100028485e-13 0.0
31205.53 2.6197749777447756e-13 0.0
31215.53 2.616949406659621e-13 0.0
31225.53 2.6115441138170187e-13 0.0
31235.53 2.614211516891451e-13 0.0
31245.53 2.60373106089454e-13 0.0
31255.53 2.603283562906473e-13 0.0
31265.53 2.5928080631508e-13 0.0
31275.53 2.600077558791816e-13 0.0
31285.53 2.5851946320447176e-13 0.0
31295.53 2.589658947807053e-13 0.0
31305.53 2.561277844739094e-13 0.0
31315.53 2.5593951584376917e-13 0.0
31325.53 2.5822102422819527e-13 0.0
31335.53 2.5781846016139827e-13 0.0
31345.53 2.5740081510707973e-13 0.0
31355.53 2.5359409606532167e-13 0.0
31365.53 2.543526058771911e-13 0.0
31375.53 2.5649190507689254e-13 0.0
31385.53 2.563308847541882e-13 0.0
31395.53 2.555556966346237e-13 0.0
31405.53 2.5520582606925286e-13 0.0
31415.53 2.548850986200504e-13 0.0
31425.53 2.540596872766827e-13 0.0
31435.53 2.5499062721769476e-13 0.0
31445.53 2.5465390671177505e-13 0.0
31455.53 2.5368858549696967e-13 0.0
31465.53 2.540721551212398e-13 0.0
31475.53 2.5263470516243753e-13 0.0
31485.53 2.5210974043945535e-13 0.0
31495.53 2.532267758483198e-13 0.0
31505.53 2.527894885274414e-13 0.0
31515.53 2.4111933820664065e-13 0.0
31525.53 2.517893945825661e-13 0.0
31535.53 2.5197240448541566e-13 0.0
31545.53 2.5174725026901655e-13 0.0
31555.53 2.510298014208511e-13 0.0
31565.53 2.4969924222499177e-13 0.0
31575.53 2.4883185669728895e-13 0.0
31585.53 2.5035437553023665e-13 0.0
31595.53 2.495352510811322e-13 0.0
31605.53 2.4930130260868567e-13 0.0
31615.53 2.4942832657451423e-13 0.0
31625.53 2.4753849215148216e-13 0.0
31635.53 2.487404537120874e-13 0.0
31645.53 2.4774554590642616e-13 0.0
31655.53 2.48186065114602e-13 0.0
31665.53 2.4779325678815617e-13 0.0
31675.53 2.461773377046985e-13 0.0
31685.53 2.4684334451614757e-13 0.0
31695.53 2.466339869784943e-13 0.0
31705.53 2.4228629837269093e-13 0.0
31715.53 2.456709062359793e-13 0.0
31725.53 2.456880916106838e-13 0.0
31735.53 2.4551195030726796e-13 0.0
31745.53 2.457068368005311e-13 0.0
31755.53 2.453990060804307e-13 0.0
31765.53 2.4365537704827716e-13 0.0
31775.53 2.446285172242187e-13 0.0
31785.53 2.412681120290554e-13 0.0
31795.53 2.414304198669859e-13 0.0
31805.53 2.4186397979291016e-13 0.0
31815.53 2.4111743112784174e-13 0.0
31825.53 2.388819366753687e-13 0.0
31835.53 2.40020111515938e-13 0.0
31845.53 2.429830166519552e-13 0.0
31855.53 2.4276256664478686e-13 0.0
31865.53 2.4223016435578194e-13 0.0
31875.53 2.4170741796708997e-13 0.0
31885.53 2.4131121082697556e-13 0.0
31895.53 2.4136594222879233e-13 0.0
31905.53 2.411545830821398e-13 0.0
31915.53 2.4080676675695447e-13 0.0
31925.53 2.376954154586597e-13 0.0
31935.53 2.4041451502512267e-13 0.0
31945.53 2.4009506238962257e-13 0.0
31955.53 2.394689486753491e-13 0.0
31965.53 2.393099106717921e-13 0.0
31975.53 2.391780514713237e-13 0.0
31985.53 2.3852841944257746e-13 0.0
31995.53 2.372669615995428e-13 0.0
32005.53 2.3640446377222997e-13 0.0
32015.53 2.33166842333019e-13 0.0
32025.53 2.377537203561616e-13 0.0
32035.53 2.3684686064863257e-13 0.0
32045.53 2.366933005606702e-13 0.0
32055.53 2.3531910879849115e-13 0.0
32065.53 2.355248561520213e-13 0.0
32075.53 2.359437349945308e-13 0.0
32085.53 2.3615331663989654e-13 0.0
32095.53 2.357469151948876e-13 0.0
32105.53 2.346763082069315e-13 0.0
32115.53 2.3489704146324087e-13 0.0
32125.53 2.3501197963210577e-13 0.0
32135.53 2.3475722403486144e-13 0.0
32145.53 2.310697846438978e-13 0.0
32155.53 2.3384825691333015e-13 0.0
32165.53 2.3379967585877154e-13 0.0
32175.53 2.332160944216368e-13 0.0
32185.53 2.33391399723386e-13 0.0
32195.53 2.327987776203786e-13 0.0
32205.53 2.3270101259188605e-13 0.0
32215.53 2.3199190796586915e-13 0.0
32225.53 2.319301501584101e-13 0.0
32235.53 2.307376878698145e-13 0.0
32245.53 2.3145087340792707e-13 0.0
32255.53 2.3139938072658137e-13 0.0
32265.53 2.3054337925154474e-13 0.0
32275.53 2.305165520213923e-13 0.0
32285.53 2.274252932498729e-13 0.0
32295.53 2.2738192516429697e-13 0.0
32305.53 2.2963933950463257e-13 0.0
32315.53 2.295349350017655e-13 0.0
32325.53 2.2660169217870265e-13 0.0
32335.53 2.2372771892837737e-13 0.0
32345.53 2.2872222691723374e-13 0.0
32355.53 2.2881546121016656e-13 0.0
32365.53 2.2781580034926675e-13 0.0
32375.53 2.2826204111412354e-13 0.0
32385.53 2.263866708043698e-13 0.0
32395.53 2.2618143963933514e-13 0.0
32405.53 2.2700580092389906e-13 0.0
32415.53 2.2626843577416294e-13 0.0
32425.53 2.237396576433637e-13 0.0
32435.53 2.2629744336770674e-13 0.0
32445.53 2.2473219198065042e-13 0.0
32455.53 2.2448593226018643e-13 0.0
32465.53 2.2575777406408645e-13 0.0
32475.53 2.2534925183121908e-13 0.0
32485.53 2.2522987663246123e-13 0.0
32495.53 2.2509897703561877e-13 0.0
32505.53 2.2456550463298153e-13 0.0
32515.53 2.2336205328568235e-13 0.0
32525.53 2.243065247434629e-13 0.0
32535.53 2.2374752460612164e-13 0.0
32545.53 2.234742460368002e-13 0.0
32555.53 2.2280454483953562e-13 0.0
32565.53 2.2332223532297612e-13 0.0
32575.53 2.2302784972096006e-13 0.0
32585.53 2.2249069981360925e-13 0.0
32595.53 2.2248168220820855e-13 0.0
32605.53 2.2231601011687723e-13 0.0
32615.53 2.219484806959723e-13 0.0
32625.53 2.2176609384541243e-13 0.0
32635.53 2.211771454169415e-13 0.0
32645.53 2.2039858644373662e-13 0.0
32655.53 2.207692626529211e-13 0.0
32665.53 2.2034932689461146e-13 0.0
32675.53 2.2045499515210695e-13 0.0
32685.53 2.1992122009533324e-13 0.0
32695.53 2.1992691148970035e-13 0.0
32705.53 2.1929221995747335e-13 0.0
32715.53 2.1925258160413312e-13 0.0
32725.53 2.1893229360091765e-13 0.0
32735.53 2.1885949727729536e-13 0.0
32745.53 2.187175361819035e-13 0.0
32755.53 2.1830256922209456e-13 0.0
32765.53 2.172114321155842e-13 0.0
32775.53 2.1788301294248622e-13 0.0
32785.53 2.176343887719016e-13 0.0
32795.53 2.1708206575954933e-13 0.0
32805.53 2.16274642853559e-13 0.0
32815.53 2.1384939899721168e-13 0.0
32825.53 2.1409104574977516e-13 0.0
32835.53 2.1592024524913313e-13 0.0
32845.53 2.1285762088432283e-13 0.0
32855.53 2.1340000511779798e-13 0.0
32865.53 2.1543433686727123e-13 0.0
32875.53 2.1243114104343042e-13 0.0
32885.53 2.150325601520094e-13 0.0
32895.53 2.146661686338423e-13 0.0
32905.53 2.1431080739576655e-13 0.0
32915.53 2.1231845998840634e-13 0.0
32925.53 2.1192383652329409e-13 0.0
32935.53 2.116065494903128e-13 0.0
32945.53 2.1236857660120176e-13 0.0
32955.53 2.1135839813616635e-13 0.0
32965.53 2.0949682798762125e-13 0.0
32975.53 2.095750802542741e-13 0.0
32985.53 2.1061022964896477e-13 0.0
32995.53 2.1129760009776937e-13 0.0
33005.53 2.112518923536684e-13 0.0
33015.53 2.1132265081395778e-13 0.0
33025.53 2.1141468167953684e-13 0.0
