reference_uv_spectra/lya_masked/K3-4977-hd40307-muscles.spec
# %ECSV 0.9
# ---
# datatype:
# - {name: w, datatype: float64}
# - {name: f, datatype: float64}
# - {name: e, datatype: float64}
# meta: !!omap
# - {distance: 10}
# - {w0: 1170.0}
# - {filename: K3-4977-hd40307-muscles.spec}
# schema: astropy-2.0
w f e
[from data line 953]
1404.7199999999964 2.646372837241653e-16 2.673151703565821e-16
1404.77 1.1224899595416275e-16 2.5740880191424037e-17
1414.77 8.03313902451256e-17 1.8747387468219865e-17
1424.77 1.023048929426413e-16 2.117151186550757e-17
1434.77 1.3453687730784012e-16 2.5309184812060044e-17
1444.77 9.981053611201281e-17 2.6116295320437045e-17
1454.77 1.139893173307158e-16 3.198774197502201e-17
1464.77 1.5060999055190821e-16 1.2486387720990938e-16
1474.77 2.471552645231687e-16 1.4887491473039137e-16
1484.77 1.9370506199809602e-16 1.6029513246122404e-16
1494.77 1.1941506459823075e-16 1.572686660276156e-16
1504.77 1.8457069289736993e-16 1.6118801683969056e-16
1514.77 1.3596414957566335e-16 1.6808277419904438e-16
1524.77 2.647201353404598e-16 1.7180980757450445e-16
1534.77 3.3484077216904933e-16 1.8002875842594626e-16
1544.77 2.0177250302704324e-16 2.4472494491942314e-16
1546.202 4.850186604613828e-16 7.01576505603176e-16
1546.252 1e-20 2.611108710511694e-15
1546.302 1e-20 2.6117015795228854e-15
1546.3519999999999 1e-20 2.619620770154872e-15
1546.4019999999998 4.1021599250955613e-16 2.6940277448367055e-15
1546.4519999999998 1e-20 2.613481796887581e-15
1546.5019999999997 1e-20 2.6140755199501752e-15
1546.5519999999997 1e-20 2.614669638259252e-15
1546.6019999999996 4.4969166705715115e-16 2.701040797664361e-15
1546.6519999999996 4.539117288122695e-16 2.7016530856495598e-15
1546.7019999999995 4.61026911135836e-16 2.7038518739612193e-15
1546.7519999999995 4.61997738103755e-16 2.7059658798443996e-15
1546.8019999999995 1e-20 2.61764672143145e-15
1546.8519999999994 1e-20 2.6182410068300527e-15
1546.9019999999994 3.4292038429209725e-18 2.625572465469772e-15
1546.9519999999993 4.327960444896309e-16 2.7025295079727634e-15
1547.0019999999993 1e-20 2.620023222850861e-15
1547.0519999999992 1.0366712760952114e-15 2.805734840071222e-15
1547.1019999999992 4.131027897425485e-16 2.699939981943796e-15
1547.1519999999991 1e-20 2.621807348782083e-15
1547.201999999999 4.687183375845261e-16 2.7121377077200626e-15
1547.251999999999 4.521081606836542e-16 2.7099836215184555e-15
1547.301999999999 4.523452351749691e-16 2.7105731704921017e-15
1547.351999999999 4.593728906500254e-16 2.71120628555716e-15
1547.401999999999 9.64979289769246e-16 2.7990116365248194e-15
1547.4519999999989 1e-20 2.6253855374090024e-15
1547.5019999999988 4.581527039795077e-16 2.7128430396585368e-15
1547.5519999999988 1e-20 2.6265790727858457e-15
1547.6019999999987 4.530195451524429e-16 2.713619701174337e-15
1547.6519999999987 4.653439334836025e-16 2.717752726656141e-15
1547.7019999999986 1e-20 2.628371446740433e-15
1547.7519999999986 1e-20 2.6289693487004143e-15
1547.8019999999985 5.2887556589697e-16 2.728771194123666e-15
1547.8519999999985 1.907981005974157e-15 2.9497463864425826e-15
1547.9019999999985 9.687510940665857e-16 2.8065100543326804e-15
1547.9519999999984 9.598715670442489e-16 2.8044030905325787e-15
1548.0019999999984 5.163719558602353e-16 2.72915475814636e-15
1548.0519999999983 5.253809213692462e-15 3.4186216737535383e-15
1548.1019999999983 3.3820239341961245e-15 3.1613030800581057e-15
1548.1519999999982 6.306926243615684e-15 3.5263954456036047e-15
1548.2019999999982 1.0562439410554554e-14 4.006476068149011e-15
1548.2519999999981 1.5921747836548116e-14 4.458314058682191e-15
1548.301999999998 7.523415672545179e-15 3.679782480540686e-15
1548.351999999998 5.3854684465689534e-15 3.4413019569757236e-15
1548.401999999998 6.60261860598916e-15 3.574960482201835e-15
1548.451999999998 4.250044031710958e-15 3.2908655694810713e-15
1548.501999999998 1.5056393872728527e-15 2.9026562678346746e-15
1548.5519999999979 7.94849582104506e-16 2.7855730708552245e-15
1548.6019999999978 9.560508383828277e-16 2.813682061682167e-15
1548.6519999999978 1e-20 2.6400653442354786e-15
1548.7019999999977 1e-20 2.649852331232437e-15
1548.7519999999977 3.9654394975510465e-16 2.7216190286758678e-15
1548.8019999999976 4.467854397393107e-16 2.7295242894707357e-15
1548.8519999999976 9.551871916819928e-16 2.816614851025498e-15
1548.9019999999975 1e-20 2.643152994374742e-15
1548.9519999999975 4.0660717123968163e-16 2.7257953876533083e-15
1549.0019999999975 1e-20 2.6502979157451463e-15
1549.0519999999974 9.510132383110654e-16 2.8178421857324783e-15
1549.1019999999974 1e-20 2.6456606823346918e-15
1549.1519999999973 1e-20 2.6462874873758297e-15
1549.2019999999973 1.2857304072073587e-16 2.679392770757983e-15
1549.2519999999972 2.5806265859472033e-16 2.7035000384237844e-15
1549.3019999999972 4.477487372514382e-16 2.7359569292347084e-15
1549.3519999999971 1e-20 2.6487976644442802e-15
1549.401999999997 1e-20 2.6494260092792175e-15
1549.451999999997 1e-20 2.6500545258763406e-15
1549.501999999997 4.634759959895473e-16 2.740990439654314e-15
1549.551999999997 1e-20 2.651312398086479e-15
1549.601999999997 8.621751748347615e-17 2.6749828528822037e-15
1549.6519999999969 3.318319053608115e-16 2.7198340318890323e-15
1549.7019999999968 1e-20 2.6532046578151146e-15
1549.7519999999968 1.829192492472365e-16 2.6951756473467095e-15
1549.8019999999967 4.2355230699666205e-16 2.738593106530784e-15
1549.8519999999967 2.4337009885617805e-16 2.7084537670912377e-15
1549.9019999999966 1e-20 2.655723102179528e-15
1549.9519999999966 1e-20 2.6563519808359148e-15
1550.0019999999965 1e-20 2.656981166907667e-15
1550.0519999999965 1e-20 2.6576105222081334e-15
1550.1019999999965 1e-20 2.6582403014474295e-15
1550.1519999999964 1e-20 2.6588705645095045e-15
1550.2019999999964 7.65723131430803e-17 2.685463921992695e-15
1550.2519999999963 8.026003622032772e-16 2.811067883352846e-15
1550.3019999999963 1.3950326416506748e-16 2.6987947716533556e-15
1550.3519999999962 2.117995893649278e-16 2.712995692148638e-15
1550.4019999999962 4.2202291877111985e-16 2.7510420919137914e-15
1550.4519999999961 1.9600491797582237e-16 2.714096846247729e-15
1550.501999999996 1.6443917514665922e-16 2.7093390299283384e-15
1550.551999999996 1.0004539277770178e-15 2.8400277019567858e-15
1550.601999999996 2.3005799627739493e-15 3.0431044539135087e-15
1550.651999999996 3.0022780901504455e-15 3.153903689130697e-15
1550.701999999996 2.1952246136925827e-15 3.0390570011416232e-15
1550.7519999999959 3.574415650549804e-15 3.23922147604727e-15
1550.8019999999958 5.389618825923053e-15 3.4751974800894598e-15
1550.8519999999958 5.804662187872996e-15 3.5148791293755967e-15
1550.9019999999957 2.6699323272119245e-15 3.1113930280533908e-15
1550.9519999999957 4.659835411373417e-15 3.377565692796421e-15
1551.0019999999956 2.846849459117298e-15 3.131417216313814e-15
1551.0519999999956 7.579531304910654e-16 2.8091275306953856e-15
1551.1019999999955 2.077298704482094e-15 3.0234922433429323e-15
1551.1519999999955 1e-20 2.6715187953712236e-15
1551.2019999999955 1.0467754073897777e-15 2.8529775200303034e-15
1551.2519999999954 8.7573879421646e-16 2.8359156893674477e-15
1551.3019999999954 1e-20 2.6734197528792248e-15
1551.3519999999953 1e-20 2.675748645944231e-15
1551.4019999999953 6.200900206340507e-16 2.7943601501692393e-15
1551.4519999999952 2.710839153829301e-16 2.7340619870828497e-15
1551.5019999999952 4.590446225094581e-16 2.766759443091291e-15
1551.5519999999951 1e-20 2.676597110893093e-15
1551.601999999995 1e-20 2.677232789286467e-15
1551.651999999995 2.5627963084705484e-16 2.7322893861347466e-15
1551.701999999995 1.5543771096710702e-16 2.7144438429877725e-15
1551.751999999995 4.377670607623819e-17 2.69490753767893e-15
1551.801999999995 1.8502283920267324e-15 3.0001218715222617e-15
1551.8519999999949 2.5316535280640637e-17 2.6930026814928077e-15
1551.9019999999948 9.763574855243555e-16 2.8586731099915685e-15
1551.9519999999948 5.334742484610391e-16 2.7830152590867776e-15
1552.0019999999947 4.062966918923572e-16 2.761837368424073e-15
1552.0519999999947 1e-20 2.682978088889827e-15
1552.1019999999946 1e-20 2.6836182975864023e-15
1552.1519999999946 6.882031274864525e-16 2.838492422453714e-15
1552.2019999999945 1.3332192245932615e-15 2.9385967548797214e-15
1552.2519999999945 1.9895195935441187e-16 2.7262545206625635e-15
1552.3019999999945 1.7925873803654724e-15 3.0426196099046474e-15
1552.3519999999944 1e-20 2.6868239987264087e-15
1552.4019999999944 4.824250694629843e-16 2.7779723943741387e-15
1552.4519999999943 4.692208395272531e-16 2.7780756006933085e-15
1552.5019999999943 5.901092500616509e-16 2.8189994627930294e-15
1552.5519999999942 1.8043208637805086e-16 2.7350682276369707e-15
1552.6019999999942 3.656817082706152e-16 2.7742717032738734e-15
1552.6519999999941 1e-20 2.6906837319450895e-15
1552.701999999994 1e-20 2.691327464856543e-15
1552.751999999994 6.713379816478145e-16 3.3203177597817386e-15
1552.774 1.1904279099204034e-16 2.754237106491674e-16
1562.774 5.21754740168398e-16 2.544921884250947e-16
1572.774 2.2799813437953905e-16 3.3158057729945445e-16
1582.774 1.1557931221991597e-16 3.2024248510830567e-16
1592.774 1.523521965893226e-16 3.33301669075655e-16
1602.774 2.1463166026512885e-16 4.06346589462092e-16
1612.774 1.7249750204296658e-16 3.8736526492766356e-16
1622.774 9.650343372249537e-17 3.3719103069378776e-16
1632.774 3.055946608839335e-16 3.9632515506130683e-16
1638.4 1.8911619092691408e-16 6.692657102036277e-16
1638.45 1e-20 5.020230732029563e-15
1638.5 8.275286823323378e-16 5.17821811028038e-15
1638.55 1e-20 5.022300606064114e-15
1638.6 1e-20 5.023336262033337e-15
1638.6499999999999 1e-20 5.02437219289759e-15
1638.6999999999998 1e-20 5.0254085586462966e-15
1638.7499999999998 5.783339144416039e-16 5.1449781877610145e-15
1638.7999999999997 9.841373828564845e-17 5.064480308263297e-15
1638.8499999999997 1e-20 5.028517702720319e-15
1638.8999999999996 1e-20 5.0295548958349925e-15
1638.9499999999996 1e-20 5.030595338601455e-15
1638.9999999999995 1e-20 5.031631647266873e-15
1639.0499999999995 1e-20 5.0326688094329565e-15
1639.0999999999995 1e-20 5.033706001408697e-15
1639.1499999999994 1e-20 5.034743534969499e-15
1639.1999999999994 1e-20 5.035781830672984e-15
1639.2499999999993 1e-20 5.036820363025724e-15
1639.2999999999993 1e-20 5.037859092391767e-15
1639.3499999999992 1e-20 5.038898363191218e-15
1639.3999999999992 1.8133187639747615e-15 5.363975819237799e-15
1639.4499999999991 8.31908757406472e-16 5.1993056189443326e-15
1639.499999999999 8.767745067544723e-16 5.217232996243598e-15
1639.549999999999 7.827019642927308e-16 5.194941725749829e-15
1639.599999999999 1e-20 5.044105848000271e-15
1639.649999999999 1.028434204149247e-15 5.245665446739379e-15
1639.699999999999 6.925954854096352e-16 5.187464198073383e-15
1639.7499999999989 1e-20 5.047231997772038e-15
1639.7999999999988 1e-20 5.04827397001904e-15
1639.8499999999988 7.485902136908136e-16 5.1960646883199505e-15
1639.8999999999987 1.0303917938963327e-15 5.2452000160255295e-15
1639.9499999999987 1e-20 5.051399658196636e-15
1639.9999999999986 1e-20 5.052441632448342e-15
1640.0499999999986 4.2207025695563656e-15 5.759846746831279e-15
1640.0999999999985 2.289757822152674e-15 5.438018904174252e-15
1640.1499999999985 3.724141801961994e-15 5.68411106603172e-15
1640.1999999999985 3.1516192203929484e-15 5.5868922081515095e-15
1640.2499999999984 4.111795795720564e-15 5.727028613336866e-15
1640.2999999999984 4.073991297941221e-15 5.7404689588819894e-15
1640.3499999999983 1.0924151312369225e-14 6.6179785103641585e-15
1640.3999999999983 6.23378779775692e-15 6.053246152402531e-15
1640.4499999999982 1.0094594206147488e-14 6.522550456907998e-15
1640.4999999999982 7.491984782057926e-15 6.22330646145091e-15
1640.5499999999981 1.1067523561742002e-14 6.636037934282003e-15
1640.599999999998 7.534067385210404e-15 6.2324041960297255e-15
1640.649999999998 5.208786706307269e-15 5.8820531537658914e-15
1640.699999999998 1e-20 5.080826076621408e-15
1640.749999999998 1.070380818680157e-15 5.263390982767384e-15
1640.799999999998 3.5376552006445692e-15 5.656924467576555e-15
1640.8499999999979 2.421510404935943e-15 5.499808119603827e-15
1640.8999999999978 1.0467118397780292e-15 5.270663789046633e-15
1640.9499999999978 1.649968774731809e-16 5.127218316942352e-15
1640.9999999999977 5.052603663734744e-16 5.188031089715859e-15
1641.0499999999977 1e-20 5.074593723731342e-15
1641.0999999999976 1e-20 5.0756789329417395e-15
1641.1499999999976 1e-20 5.076764469472063e-15
1641.1999999999975 1e-20 5.077850396311823e-15
1641.2499999999975 1e-20 5.079236556701832e-15
1641.2999999999975 1.7171681883876935e-15 5.403937309435632e-15
1641.3499999999974 1e-20 5.100477726867996e-15
1641.3999999999974 6.413177650150246e-16 5.229708923964495e-15
1641.4499999999973 1e-20 5.083172520972737e-15
1641.4999999999973 1e-20 5.084209082339181e-15
1641.5499999999972 1.021472285149501e-16 5.14311364483743e-15
1641.5999999999972 4.049952760132015e-16 5.195988591342833e-15
1641.6499999999971 1e-20 5.087320498899734e-15
1641.699999999997 1.6569871773891838e-15 5.382938684233938e-15
1641.749999999997 1e-20 5.089400574556049e-15
1641.799999999997 1e-20 5.090450747845478e-15
1641.849999999997 1e-20 5.091508130609081e-15
1641.899999999997 1e-20 5.09258759427561e-15
1641.9499999999969 1.491977364296477e-15 5.372681911262587e-15
1641.9999999999968 1.0249703432387954e-15 5.29405369760733e-15
1642.0499999999968 1e-20 5.095822531026869e-15
1642.0999999999967 1e-20 5.09690171586017e-15
1642.1499999999967 1e-20 5.097981537700924e-15
1642.1999999999966 1e-20 5.099061508584169e-15
1642.2499999999966 1e-20 5.100142012321112e-15
1642.2999999999965 8.534655479000903e-16 5.269554470251117e-15
1642.3499999999965 1e-20 5.102304350709622e-15
1642.4 1.6503735122612143e-16 5.193876032166675e-16
1652.4 5.69717327169199e-16 3.823573074020245e-16
1662.4 8.382564509732612e-16 4.3767228691332597e-16
1668.79 5.028074044632019e-16 7.036086964837627e-16
1668.84 8.796460017841856e-16 5.7348484598802004e-15
1668.8899999999999 8.68098902477095e-16 5.734430045272353e-15
1668.9399999999998 8.614053032175907e-16 5.735171363825577e-15
1668.9899999999998 1e-20 5.593738368818865e-15
1669.0399999999997 7.080048330698933e-16 5.7180006131117755e-15
1669.0899999999997 1e-20 5.569106660040967e-15
1669.1399999999996 1e-20 5.569842374704768e-15
1669.1899999999996 1.862797289570505e-15 5.90825456142939e-15
1669.2399999999996 1e-20 5.571314291423456e-15
1669.2899999999995 1e-20 5.5720506464596745e-15
1669.3399999999995 1e-20 5.572787361715418e-15
1669.3899999999994 1e-20 5.57352458268033e-15
1669.4399999999994 8.6232753279558e-16 5.74665671037785e-15
1669.4899999999993 1e-20 5.575003004721223e-15
1669.5399999999993 1e-20 5.575740750830832e-15
1669.5899999999992 9.766900040599408e-17 5.62135923483535e-15
1669.6399999999992 5.944914602235915e-16 5.705386584161148e-15
1669.6899999999991 1e-20 5.577955621272761e-15
1669.739999999999 1e-20 5.578694476796268e-15
1669.789999999999 1e-20 5.579431857423058e-15
1669.839999999999 1e-20 5.5801643451683575e-15
1669.889999999999 1e-20 5.5808964521122905e-15
1669.939999999999 1e-20 5.5816269176389e-15
1669.9899999999989 1e-20 5.582357595603276e-15
1670.0399999999988 1e-20 5.5830892676647705e-15
1670.0899999999988 8.909894640233997e-16 5.756684632416963e-15
1670.1399999999987 8.927183629216686e-16 5.756161776472813e-15
1670.1899999999987 1e-20 5.5852860465459706e-15
1670.2399999999986 1e-20 5.586017985075594e-15
1670.2899999999986 1e-20 5.5867499990926075e-15
1670.3399999999986 8.758871801188717e-16 5.761511224068582e-15
1670.3899999999985 1e-20 5.588215044187215e-15
1670.4399999999985 1e-20 5.588947929989171e-15
1670.4899999999984 8.32552588420364e-16 5.751255793806416e-15
1670.5399999999984 2.9160206567222308e-15 6.089449002324146e-15
1670.5899999999983 1.0497504558503858e-15 5.787528144758833e-15
1670.6399999999983 5.812926968460686e-15 6.51822999624831e-15
1670.6899999999982 5.543248024691365e-15 6.478050359896981e-15
1670.7399999999982 9.061693440755725e-15 6.9387749178224745e-15
1670.7899999999981 1.21972562397622e-14 7.299212145944607e-15
1670.839999999998 1.5201242346152564e-14 7.666646774684693e-15
1670.889999999998 5.3391357749212206e-15 6.4575179378776175e-15
1670.939999999998 5.1818258305289486e-15 6.4033013790866256e-15
