reference_uv_spectra/lya_masked/K3-4977-hd40307-muscles.spec
# %ECSV 0.9
# ---
# datatype:
# - {name: w, datatype: float64}
# - {name: f, datatype: float64}
# - {name: e, datatype: float64}
# meta: !!omap
# - {distance: 10}
# - {w0: 1170.0}
# - {filename: K3-4977-hd40307-muscles.spec}
# schema: astropy-2.0
w f e
[from data line 2072]
6455.530000000001 8.341901253059122e-12 0.0
6465.530000000001 8.19271156019286e-12 0.0
6475.530000000001 8.376698108411097e-12 0.0
6485.530000000001 8.509433378352435e-12 0.0
6495.530000000001 7.802849435719877e-12 0.0
6505.530000000001 8.335120079751553e-12 0.0
6515.530000000001 8.501982837741704e-12 0.0
6525.530000000001 8.540893128748802e-12 0.0
6535.530000000001 8.44375972137445e-12 0.0
6545.530000000001 8.358299243577281e-12 0.0
6555.530000000001 8.330378832193596e-12 0.0
6565.530000000001 7.811853709791772e-12 0.0
6575.530000000001 8.280154320193218e-12 0.0
6585.530000000001 8.431137799220067e-12 0.0
6595.530000000001 8.212889530111789e-12 0.0
6605.530000000001 8.375585375030625e-12 0.0
6615.530000000001 8.425764241688083e-12 0.0
6625.530000000001 8.398414818148647e-12 0.0
6635.530000000001 8.260385758387484e-12 0.0
6645.530000000001 8.309576548368426e-12 0.0
6655.530000000001 8.424355971448191e-12 0.0
6665.530000000001 8.233195602165924e-12 0.0
6675.530000000001 8.239754719474981e-12 0.0
6685.530000000001 8.3908563998145e-12 0.0
6695.530000000001 8.245067026132181e-12 0.0
6705.530000000001 7.974395308995468e-12 0.0
6715.530000000001 8.091946624187744e-12 0.0
6725.530000000001 8.29327711758856e-12 0.0
6735.530000000001 8.305158805299871e-12 0.0
6745.530000000001 8.235757832498788e-12 0.0
6755.530000000001 8.211377378560435e-12 0.0
6765.530000000001 8.209145522974739e-12 0.0
6775.530000000001 8.198049443873479e-12 0.0
6785.530000000001 8.181029988890741e-12 0.0
6795.530000000001 8.187788717115278e-12 0.0
6805.530000000001 8.175155608547153e-12 0.0
6815.530000000001 8.153394782145756e-12 0.0
6825.530000000001 8.153496925788648e-12 0.0
6835.530000000001 8.162799911849104e-12 0.0
6845.530000000001 8.02873835492507e-12 0.0
6855.530000000001 8.029105655034634e-12 0.0
6865.530000000001 8.125665772982658e-12 0.0
6875.530000000001 8.103182258582524e-12 0.0
6885.530000000001 8.01253183310701e-12 0.0
6895.530000000001 8.119927484936324e-12 0.0
6905.530000000001 8.11053868525793e-12 0.0
6915.530000000001 7.992849358317958e-12 0.0
6925.530000000001 7.997815822609303e-12 0.0
6935.530000000001 8.025214746869319e-12 0.0
6945.530000000001 7.964434547082187e-12 0.0
6955.530000000001 7.999520264245479e-12 0.0
6965.530000000001 8.027831853347704e-12 0.0
6975.530000000001 7.825765461266947e-12 0.0
6985.530000000001 7.947891739677862e-12 0.0
6995.530000000001 7.973216218264778e-12 0.0
7005.530000000001 7.864514017095569e-12 0.0
7015.530000000001 7.806722053205947e-12 0.0
7025.530000000001 7.799871922889564e-12 0.0
7035.530000000001 7.850675509754123e-12 0.0
7045.530000000001 8.00581038186843e-12 0.0
7055.530000000001 7.926553650871203e-12 0.0
7065.530000000001 7.814360297367646e-12 0.0
7075.530000000001 7.940284599289602e-12 0.0
7085.530000000001 7.800353436284145e-12 0.0
7095.530000000001 7.840192139181692e-12 0.0
7105.530000000001 7.843897158379171e-12 0.0
7115.530000000001 7.773585491526447e-12 0.0
7125.530000000001 7.751956089595123e-12 0.0
7135.530000000001 7.684861842595703e-12 0.0
7145.530000000001 7.538477332740158e-12 0.0
7155.530000000001 7.771376637096941e-12 0.0
7165.530000000001 7.668718509258492e-12 0.0
7175.530000000001 7.792603863715511e-12 0.0
7185.530000000001 7.439870174562e-12 0.0
7195.530000000001 7.63220353522934e-12 0.0
7205.530000000001 7.53114835365588e-12 0.0
7215.530000000001 7.687075197207034e-12 0.0
7225.530000000001 7.64378475228802e-12 0.0
7235.530000000001 7.765926968275325e-12 0.0
7245.530000000001 7.687700149817145e-12 0.0
7255.530000000001 7.625476326178421e-12 0.0
7265.530000000001 7.639227426210431e-12 0.0
7275.530000000001 7.666122051320817e-12 0.0
7285.530000000001 7.525483719554688e-12 0.0
7295.530000000001 7.5312028844707e-12 0.0
7305.530000000001 7.551266533100301e-12 0.0
7315.530000000001 7.591129567763719e-12 0.0
7325.530000000001 7.433963248142746e-12 0.0
7335.530000000001 7.61679980511434e-12 0.0
7345.530000000001 7.60384573197841e-12 0.0
7355.530000000001 7.462351291506184e-12 0.0
7365.530000000001 7.480484152046947e-12 0.0
7375.530000000001 7.624846392856423e-12 0.0
7385.530000000001 7.430407903167013e-12 0.0
7395.530000000001 7.441431047581159e-12 0.0
7405.530000000001 7.416003183469695e-12 0.0
7415.530000000001 7.275175631664183e-12 0.0
7425.530000000001 7.425126622572945e-12 0.0
7435.530000000001 7.52440448925583e-12 0.0
7445.530000000001 7.298138619361518e-12 0.0
7455.530000000001 7.493503290585172e-12 0.0
7465.530000000001 7.40855737370308e-12 0.0
7475.530000000001 7.475590890049874e-12 0.0
7485.530000000001 7.47706987857257e-12 0.0
7495.530000000001 7.237368883857465e-12 0.0
7505.530000000001 7.444174350878508e-12 0.0
7515.530000000001 7.288500051743766e-12 0.0
7525.530000000001 7.377442701086697e-12 0.0
7535.530000000001 7.426456289476503e-12 0.0
7545.530000000001 7.425963745888189e-12 0.0
7555.530000000001 7.371643320883672e-12 0.0
7565.530000000001 7.335406894217919e-12 0.0
7575.530000000001 7.384105649839804e-12 0.0
7585.530000000001 7.2579150173255364e-12 0.0
7595.530000000001 7.380012916899105e-12 0.0
7605.530000000001 7.340530405265085e-12 0.0
7615.530000000001 7.189540589635383e-12 0.0
7625.530000000001 7.327445466320328e-12 0.0
7635.530000000001 7.363740236920882e-12 0.0
7645.530000000001 7.357822661792343e-12 0.0
7655.530000000001 7.1377956350316834e-12 0.0
7665.530000000001 6.919378118916946e-12 0.0
7675.530000000001 7.313614759071366e-12 0.0
7685.530000000001 7.278566167946473e-12 0.0
7695.530000000001 7.087598885904309e-12 0.0
7705.530000000001 7.278183120788006e-12 0.0
7715.530000000001 7.1437786150797935e-12 0.0
7725.530000000001 7.125665366339535e-12 0.0
7735.530000000001 7.256266808059037e-12 0.0
7745.530000000001 6.984357437610496e-12 0.0
7755.530000000001 7.2167031849715205e-12 0.0
7765.530000000001 7.220472899759689e-12 0.0
7775.530000000001 7.21474668195105e-12 0.0
7785.530000000001 7.064345755416484e-12 0.0
7795.530000000001 7.145293846405884e-12 0.0
7805.530000000001 7.142953101197794e-12 0.0
7815.530000000001 7.141099650133349e-12 0.0
7825.530000000001 7.129984823275003e-12 0.0
7835.530000000001 6.950421012101544e-12 0.0
7845.530000000001 7.113366400586997e-12 0.0
7855.530000000001 7.067351441233964e-12 0.0
7865.530000000001 7.114350465367067e-12 0.0
7875.530000000001 7.059896420386719e-12 0.0
7885.530000000001 7.038206582318442e-12 0.0
7895.530000000001 7.008354931679113e-12 0.0
7905.530000000001 6.987987932319757e-12 0.0
7915.530000000001 6.8451983589474e-12 0.0
7925.530000000001 6.9612386409795255e-12 0.0
7935.530000000001 6.7482678283044575e-12 0.0
7945.530000000001 6.7218644873022985e-12 0.0
7955.530000000001 6.913753075509926e-12 0.0
7965.530000000001 6.937986218766754e-12 0.0
7975.530000000001 6.893565252845521e-12 0.0
7985.530000000001 6.921811777136387e-12 0.0
7995.530000000001 6.811749321645103e-12 0.0
8005.530000000001 6.8645712282619666e-12 0.0
8015.530000000001 6.9151206330235264e-12 0.0
8025.530000000001 6.795821636070037e-12 0.0
8035.530000000001 6.885856098431588e-12 0.0
8045.530000000001 6.699595313124695e-12 0.0
8055.530000000001 6.829392140078743e-12 0.0
8065.530000000001 6.8253029484180204e-12 0.0
8075.530000000001 6.7223458593886235e-12 0.0
8085.530000000001 6.713954383836853e-12 0.0
8095.530000000001 6.62892648083188e-12 0.0
8105.530000000001 6.7625335914480534e-12 0.0
8115.530000000001 6.719459473826015e-12 0.0
8125.530000000001 6.754450744878101e-12 0.0
8135.530000000001 6.747175491774809e-12 0.0
8145.530000000001 6.7260840528865835e-12 0.0
8155.530000000001 6.705021334897719e-12 0.0
8165.530000000001 6.6922890063258086e-12 0.0
8175.530000000001 6.692196365106816e-12 0.0
8185.530000000001 6.48249046917218e-12 0.0
8195.53 6.401775999607865e-12 0.0
8205.53 6.585093295160247e-12 0.0
8215.53 6.5710980908961886e-12 0.0
8225.53 6.513064208787554e-12 0.0
8235.53 6.56013792663514e-12 0.0
8245.53 6.591932539932631e-12 0.0
8255.53 6.6220039772385104e-12 0.0
8265.53 6.6381934119707744e-12 0.0
8275.53 6.604824074519731e-12 0.0
8285.53 6.609265219706382e-12 0.0
8295.53 6.5387586786033296e-12 0.0
8305.53 6.512909630678486e-12 0.0
8315.53 6.506652563849347e-12 0.0
8325.53 6.2914551954949094e-12 0.0
8335.53 6.441205413018189e-12 0.0
8345.53 6.376823724400759e-12 0.0
8355.53 6.509907972455687e-12 0.0
8365.53 6.4265057037433346e-12 0.0
8375.53 6.453902263425183e-12 0.0
8385.53 6.129289859702764e-12 0.0
8395.53 6.437543951056353e-12 0.0
8405.53 6.453894754421196e-12 0.0
8415.53 6.395673047111448e-12 0.0
8425.53 6.3500926759413085e-12 0.0
8435.53 6.289576781667398e-12 0.0
8445.53 6.392831672363496e-12 0.0
8455.53 6.41057886687543e-12 0.0
8465.53 6.256033883343225e-12 0.0
8475.53 6.415290718022274e-12 0.0
8485.53 6.395967611716672e-12 0.0
8495.53 5.975701737507485e-12 0.0
8505.53 6.338399899447457e-12 0.0
8515.53 6.129351095831896e-12 0.0
8525.53 6.322383721496214e-12 0.0
8535.53 6.230023674435268e-12 0.0
8545.53 5.248705722768911e-12 0.0
8555.53 6.298112995061276e-12 0.0
8565.53 6.3154751623329544e-12 0.0
8575.53 6.318581048640186e-12 0.0
8585.53 6.255338500026267e-12 0.0
8595.53 6.270291673308117e-12 0.0
8605.53 6.281789379017497e-12 0.0
8615.53 6.162156365377253e-12 0.0
8625.53 6.225464102659262e-12 0.0
8635.53 6.252658004984286e-12 0.0
8645.53 6.195188264361369e-12 0.0
8655.53 6.189285594805122e-12 0.0
8665.53 5.332800482433493e-12 0.0
8675.53 6.038071962592127e-12 0.0
8685.53 5.835353503989827e-12 0.0
8695.53 6.039654319662646e-12 0.0
8705.53 6.147168044628031e-12 0.0
8715.53 6.049739540724668e-12 0.0
8725.53 6.168351004925267e-12 0.0
8735.53 6.031343846904605e-12 0.0
8745.53 6.128914828863449e-12 0.0
8755.53 6.029137533258619e-12 0.0
8765.53 6.076796360927604e-12 0.0
8775.53 6.011709995775868e-12 0.0
8785.53 6.129921052235193e-12 0.0
8795.53 6.012407587716016e-12 0.0
8805.53 5.6608442521271684e-12 0.0
8815.53 6.079802998503728e-12 0.0
8825.53 5.835347512693519e-12 0.0
8835.53 5.9906249101303935e-12 0.0
8845.53 6.033916229001127e-12 0.0
8855.53 6.084998544559319e-12 0.0
8865.53 5.911508383056723e-12 0.0
8875.53 6.0229581429254875e-12 0.0
8885.53 6.049517121844339e-12 0.0
8895.53 6.021654424106659e-12 0.0
8905.53 6.028478556786883e-12 0.0
8915.53 6.0015994203231106e-12 0.0
8925.53 5.903589172242736e-12 0.0
8935.53 5.964405978886701e-12 0.0
8945.53 5.8867040312747755e-12 0.0
8955.53 5.975801030462977e-12 0.0
8965.53 5.921424357372353e-12 0.0
8975.53 5.898839939597651e-12 0.0
8985.53 5.918908490119414e-12 0.0
8995.53 5.888513830906566e-12 0.0
9005.53 5.7321000455476945e-12 0.0
9015.53 5.725533543866284e-12 0.0
9025.53 5.8205026538530315e-12 0.0
9035.53 5.8824517894788e-12 0.0
9045.53 5.9022146493422904e-12 0.0
9055.53 5.862585544746881e-12 0.0
9065.53 5.8306659102334075e-12 0.0
9075.53 5.841828142814644e-12 0.0
9085.53 5.69182892987418e-12 0.0
9095.53 5.713323678162609e-12 0.0
9105.53 5.72704637368721e-12 0.0
9115.53 5.7363916453013125e-12 0.0
9125.53 5.7945177992166945e-12 0.0
9135.53 5.800299725985889e-12 0.0
9145.53 5.678243615142102e-12 0.0
9155.53 5.720604661686648e-12 0.0
9165.53 5.676696047171888e-12 0.0
9175.53 5.606714924042456e-12 0.0
9185.53 5.664416378996439e-12 0.0
9195.53 5.639214126299651e-12 0.0
9205.53 5.593449570683793e-12 0.0
9215.53 5.496098622546449e-12 0.0
9225.53 5.615933249957898e-12 0.0
9235.53 5.578249203950077e-12 0.0
9245.53 5.5300856905155134e-12 0.0
9255.53 5.4534910389330725e-12 0.0
9265.53 5.565931512475553e-12 0.0
9275.53 5.5715359279475955e-12 0.0
9285.53 5.568052706378432e-12 0.0
9295.53 5.482747061669086e-12 0.0
9305.53 5.565060059293805e-12 0.0
9315.53 5.544579898676595e-12 0.0
9325.53 5.539830917215821e-12 0.0
9335.53 5.554540057489183e-12 0.0
9345.53 5.557292019510691e-12 0.0
9355.53 5.4800128111885615e-12 0.0
9365.53 5.456491279273672e-12 0.0
9375.53 5.521056168451141e-12 0.0
9385.53 5.477983222832195e-12 0.0
9395.53 5.444561954544883e-12 0.0
9405.53 5.437487634037504e-12 0.0
9415.53 5.221039885701537e-12 0.0
9425.53 5.44998619164728e-12 0.0
9435.53 5.3104564255471815e-12 0.0
9445.53 5.34763542537889e-12 0.0
9455.53 5.40861741714965e-12 0.0
9465.53 5.426806937497731e-12 0.0
9475.53 5.40843522067504e-12 0.0
9485.53 5.381160224044303e-12 0.0
9495.53 5.424393703181559e-12 0.0
9505.53 5.3869107519943265e-12 0.0
9515.53 5.368326091209795e-12 0.0
9525.53 5.386332195285013e-12 0.0
9535.53 5.346117074367588e-12 0.0
9545.53 5.294974109240655e-12 0.0
9555.53 5.332994782572168e-12 0.0
9565.53 5.3545216888469435e-12 0.0
9575.53 5.257260462362856e-12 0.0
9585.53 5.3251765211574085e-12 0.0
9595.53 5.339285220782864e-12 0.0
9605.53 5.2471258538676006e-12 0.0
9615.53 5.334759856726247e-12 0.0
9625.53 5.267065362923404e-12 0.0
9635.53 5.200269098002417e-12 0.0
9645.53 5.249098235645632e-12 0.0
9655.53 5.227915391207284e-12 0.0
9665.53 5.245060085433276e-12 0.0
9675.53 5.1675352397190236e-12 0.0
9685.53 5.247299029275225e-12 0.0
9695.53 5.2316248553831996e-12 0.0
9705.53 5.1828869117919356e-12 0.0
9715.53 5.243297825466094e-12 0.0
9725.53 5.1554490408355736e-12 0.0
9735.53 5.134774619321136e-12 0.0
9745.53 5.130180787845049e-12 0.0
9755.53 5.197065643791773e-12 0.0
9765.53 5.176895494883404e-12 0.0
9775.53 5.170090110324554e-12 0.0
9785.53 5.030821827420587e-12 0.0
9795.53 5.1812728733684515e-12 0.0
9805.53 5.163465296858205e-12 0.0
9815.53 5.167091702619807e-12 0.0
9825.53 5.143136599002588e-12 0.0
9835.53 5.125350774417541e-12 0.0
9845.53 5.1404058994754225e-12 0.0
9855.53 5.148463173117493e-12 0.0
9865.53 5.11323674403256e-12 0.0
9875.53 5.1358986128866245e-12 0.0
9885.53 5.108307674790992e-12 0.0
9895.53 5.054917162748015e-12 0.0
9905.53 5.031425242437261e-12 0.0
9915.53 5.03238541895063e-12 0.0
9925.53 5.03860132241309e-12 0.0
9935.53 5.047376013667664e-12 0.0
9945.53 5.016436700216717e-12 0.0
9955.53 5.030685032694131e-12 0.0
9965.53 5.044421129363233e-12 0.0
9975.53 5.008084034951598e-12 0.0
9985.53 5.0120202808019155e-12 0.0
9995.53 4.9959524880576164e-12 0.0
10005.53 4.9938169266766685e-12 0.0
10015.53 5.008704392629656e-12 0.0
10025.53 4.995784794759723e-12 0.0
10035.53 4.970275744501345e-12 0.0
10045.53 4.985025530718736e-12 0.0
10055.53 4.893204424700349e-12 0.0
10065.53 4.903066396398002e-12 0.0
10075.53 4.964302451720898e-12 0.0
10085.53 4.942820987841272e-12 0.0
10095.53 4.939459289291649e-12 0.0
10105.53 4.91534320555932e-12 0.0
10115.53 4.918761742151183e-12 0.0
10125.53 4.926429354852643e-12 0.0
10135.53 4.923440340866365e-12 0.0
10145.53 4.843146469949006e-12 0.0
10155.53 4.874609206153056e-12 0.0
10165.53 4.8586627394309326e-12 0.0
10175.53 4.884035006573823e-12 0.0
10185.53 4.8397645694081575e-12 0.0
10195.53 4.8277841472408016e-12 0.0
10205.53 4.839973218659507e-12 0.0
10215.53 4.756323753147525e-12 0.0
10225.53 4.839169578562955e-12 0.0
10235.53 4.8408295872928864e-12 0.0
10245.53 4.8490601001956314e-12 0.0
10255.53 4.82373586711129e-12 0.0
10265.53 4.798339169908986e-12 0.0
10275.53 4.803897535560024e-12 0.0
10285.53 4.7811667760605215e-12 0.0
10295.53 4.763109732920059e-12 0.0
10305.53 4.780899863007988e-12 0.0
10315.53 4.7852337351591095e-12 0.0
10325.53 4.740746419791204e-12 0.0
10335.53 4.73100597396852e-12 0.0
10345.53 4.634054395720847e-12 0.0
10355.53 4.741217336982287e-12 0.0
10365.53 4.754273289779979e-12 0.0
10375.53 4.657183761790399e-12 0.0
10385.53 4.724488270755174e-12 0.0
10395.53 4.6373248544787386e-12 0.0
10405.53 4.730053461392714e-12 0.0
10415.53 4.699607601466144e-12 0.0
10425.53 4.657651872450969e-12 0.0
10435.53 4.696564940497275e-12 0.0
10445.53 4.7021538338410816e-12 0.0
10455.53 4.6785581079532074e-12 0.0
10465.53 4.65603125675246e-12 0.0
10475.53 4.610178650018269e-12 0.0
10485.53 4.637881300586089e-12 0.0
10495.53 4.6387515603970135e-12 0.0
10505.53 4.64804177519777e-12 0.0
10515.53 4.622734005421e-12 0.0
10525.53 4.636306094990921e-12 0.0
10535.53 4.596053089076371e-12 0.0
10545.53 4.624525739917241e-12 0.0
10555.53 4.606339280018975e-12 0.0
10565.53 4.608710398810129e-12 0.0
10575.53 4.571324027938832e-12 0.0
10585.53 4.4230568685252475e-12 0.0
10595.53 4.57996069265605e-12 0.0
10605.53 4.475016398541096e-12 0.0
