reference_uv_spectra/lya_masked/K3-4977-hd40307-muscles.spec
# %ECSV 0.9
# ---
# datatype:
# - {name: w, datatype: float64}
# - {name: f, datatype: float64}
# - {name: e, datatype: float64}
# meta: !!omap
# - {distance: 10}
# - {w0: 1170.0}
# - {filename: K3-4977-hd40307-muscles.spec}
# schema: astropy-2.0
w f e
[from data line 4299]
28725.53 3.028035552539457e-13 0.0
28735.53 3.06936475987819e-13 0.0
28745.53 3.0614534702450103e-13 0.0
28755.53 3.074696090836159e-13 0.0
28765.53 3.073355981309409e-13 0.0
28775.53 3.065467673268275e-13 0.0
28785.53 3.056976734491509e-13 0.0
28795.53 3.0583770926512344e-13 0.0
28805.53 3.052974928496876e-13 0.0
28815.53 3.0447593193545667e-13 0.0
28825.53 3.048173531618902e-13 0.0
28835.53 3.039896872828382e-13 0.0
28845.53 3.022736920785491e-13 0.0
28855.53 2.9827866087312774e-13 0.0
28865.53 3.021609931074547e-13 0.0
28875.53 2.9737475255528874e-13 0.0
28885.53 3.0140633789503577e-13 0.0
28895.53 3.012933192550306e-13 0.0
28905.53 2.9929137815001597e-13 0.0
28915.53 3.014407734146719e-13 0.0
28925.53 3.006716337218028e-13 0.0
28935.53 2.9973709805049073e-13 0.0
28945.53 2.9937025145328486e-13 0.0
28955.53 2.992302686906916e-13 0.0
28965.53 2.9850070455822793e-13 0.0
28975.53 2.9758537137132264e-13 0.0
28985.53 2.9846930039613297e-13 0.0
28995.53 2.9810308388820767e-13 0.0
29005.53 2.8883527115014276e-13 0.0
29015.53 2.9704819537271005e-13 0.0
29025.53 2.9534107166328523e-13 0.0
29035.53 2.95904214637448e-13 0.0
29045.53 2.94262113785443e-13 0.0
29055.53 2.955189278060786e-13 0.0
29065.53 2.9372096872014157e-13 0.0
29075.53 2.947131256658691e-13 0.0
29085.53 2.940033208903589e-13 0.0
29095.53 2.9382460052117294e-13 0.0
29105.53 2.9185185069938466e-13 0.0
29115.53 2.929868156199266e-13 0.0
29125.53 2.9305461588911607e-13 0.0
29135.53 2.913376678164364e-13 0.0
29145.53 2.9193161847871023e-13 0.0
29155.53 2.920863283675764e-13 0.0
29165.53 2.9154881324344153e-13 0.0
29175.53 2.9130346295578324e-13 0.0
29185.53 2.9099673220854996e-13 0.0
29195.53 2.9057560758655923e-13 0.0
29205.53 2.898092439330016e-13 0.0
29215.53 2.824642710402641e-13 0.0
29225.53 2.8622450426272023e-13 0.0
29235.53 2.84559467637858e-13 0.0
29245.53 2.882647292584824e-13 0.0
29255.53 2.8267887522175364e-13 0.0
29265.53 2.8746262521382803e-13 0.0
29275.53 2.87683712510057e-13 0.0
29285.53 2.7926988366616444e-13 0.0
29295.53 2.862330689397517e-13 0.0
29305.53 2.863545864211525e-13 0.0
29315.53 2.8594399401593925e-13 0.0
29325.53 2.8472411074694753e-13 0.0
29335.53 2.8056535723798316e-13 0.0
29345.53 2.7857417339051815e-13 0.0
29355.53 2.846927979347089e-13 0.0
29365.53 2.830827694465917e-13 0.0
29375.53 2.812934222134508e-13 0.0
29385.53 2.7991894758594253e-13 0.0
29395.53 2.8282439786040164e-13 0.0
29405.53 2.8171132229086094e-13 0.0
29415.53 2.8202629952852255e-13 0.0
29425.53 2.82066060953103e-13 0.0
29435.53 2.7885527504099687e-13 0.0
29445.53 2.7712929811723065e-13 0.0
29455.53 2.788944885636389e-13 0.0
29465.53 2.7547299061025867e-13 0.0
29475.53 2.801395837643352e-13 0.0
29485.53 2.7936340558898685e-13 0.0
29495.53 2.7749249285496896e-13 0.0
29505.53 2.771297753276522e-13 0.0
29515.53 2.790719445071875e-13 0.0
29525.53 2.786863859410312e-13 0.0
29535.53 2.7776012838491666e-13 0.0
29545.53 2.751609141335396e-13 0.0
29555.53 2.7652693400242327e-13 0.0
29565.53 2.75338550554663e-13 0.0
29575.53 2.763870648878287e-13 0.0
29585.53 2.76185866189899e-13 0.0
29595.53 2.716645108067024e-13 0.0
29605.53 2.698563917723213e-13 0.0
29615.53 2.7509460475483386e-13 0.0
29625.53 2.7446679072647443e-13 0.0
29635.53 2.742270601861073e-13 0.0
29645.53 2.7230844035818486e-13 0.0
29655.53 2.7406153482205823e-13 0.0
29665.53 2.7370066020285367e-13 0.0
29675.53 2.7342171883711503e-13 0.0
29685.53 2.71734465952856e-13 0.0
29695.53 2.6580998426126377e-13 0.0
29705.53 2.677643464933097e-13 0.0
29715.53 2.7141816694410303e-13 0.0
29725.53 2.7091303523950046e-13 0.0
29735.53 2.7158355160274465e-13 0.0
29745.53 2.7115236193838113e-13 0.0
29755.53 2.697388532255432e-13 0.0
29765.53 2.7039550074114764e-13 0.0
29775.53 2.7006839580750824e-13 0.0
29785.53 2.682613379532088e-13 0.0
29795.53 2.6742674544105483e-13 0.0
29805.53 2.6901144628350246e-13 0.0
29815.53 2.685045068067731e-13 0.0
29825.53 2.6815331886694127e-13 0.0
29835.53 2.6785314265653025e-13 0.0
29845.53 2.6788516359757716e-13 0.0
29855.53 2.6736634721014993e-13 0.0
29865.53 2.6677013517504775e-13 0.0
29875.53 2.6459094901518905e-13 0.0
29885.53 2.657548600505647e-13 0.0
29895.53 2.628583606789852e-13 0.0
29905.53 2.645646526920531e-13 0.0
29915.53 2.6445772262545796e-13 0.0
29925.53 2.6495606400308856e-13 0.0
29935.53 2.640913693137707e-13 0.0
29945.53 2.643957789749998e-13 0.0
29955.53 2.638289825174484e-13 0.0
29965.53 2.6111469197922004e-13 0.0
29975.53 2.631908534078841e-13 0.0
29985.53 2.625667253095691e-13 0.0
29995.53 2.510994536494939e-13 0.0
30005.53 2.614359265510185e-13 0.0
30015.53 2.61739566742372e-13 0.0
30025.53 2.617831988322357e-13 0.0
30035.53 2.6103015954162796e-13 0.0
30045.53 2.5937384557205925e-13 0.0
30055.53 2.602788354887679e-13 0.0
30065.53 2.5891487448434037e-13 0.0
30075.53 2.547679797119232e-13 0.0
30085.53 2.547631133064709e-13 0.0
30095.53 2.5713949534463086e-13 0.0
30105.53 2.5920418271808417e-13 0.0
30115.53 2.5897984931102165e-13 0.0
30125.53 2.5837448574931586e-13 0.0
30135.53 2.5820442077439e-13 0.0
30145.53 2.5697201824991173e-13 0.0
30155.53 2.5746335522093397e-13 0.0
30165.53 2.5666534268025755e-13 0.0
30175.53 2.564973525892983e-13 0.0
30185.53 2.565969340164188e-13 0.0
30195.53 2.5358614529527105e-13 0.0
30205.53 2.53158607690222e-13 0.0
30215.53 2.5555241577294e-13 0.0
30225.53 2.550197641266998e-13 0.0
30235.53 2.542006390687904e-13 0.0
30245.53 2.537529703334395e-13 0.0
30255.53 2.540107271589983e-13 0.0
30265.53 2.513610770904597e-13 0.0
30275.53 2.5232046781996677e-13 0.0
30285.53 2.533197136532513e-13 0.0
30295.53 2.533017652739149e-13 0.0
30305.53 2.527151501631333e-13 0.0
30315.53 2.5207280938208557e-13 0.0
30325.53 2.4966147223839776e-13 0.0
30335.53 2.5152915411611606e-13 0.0
30345.53 2.5167891937471374e-13 0.0
30355.53 2.5055576472190565e-13 0.0
30365.53 2.503957539301255e-13 0.0
30375.53 2.502527483716413e-13 0.0
30385.53 2.478002948577068e-13 0.0
30395.53 2.4562592789047805e-13 0.0
30405.53 2.495441090115579e-13 0.0
30415.53 2.3968495503915004e-13 0.0
30425.53 2.4744746315514963e-13 0.0
30435.53 2.471437267845284e-13 0.0
30445.53 2.472740967713736e-13 0.0
30455.53 2.4805218252182925e-13 0.0
30465.53 2.4790131916707173e-13 0.0
30475.53 2.4216462345168803e-13 0.0
30485.53 2.420245166940592e-13 0.0
30495.53 2.468094790271856e-13 0.0
30505.53 2.4656430101808785e-13 0.0
30515.53 2.4654348468577724e-13 0.0
30525.53 2.453209894980484e-13 0.0
30535.53 2.4498350959929826e-13 0.0
30545.53 2.42562664030351e-13 0.0
30555.53 2.452979327490339e-13 0.0
30565.53 2.4460003246440853e-13 0.0
30575.53 2.430321997775327e-13 0.0
30585.53 2.4434075185437084e-13 0.0
30595.53 2.4394833817381003e-13 0.0
30605.53 2.436440884509302e-13 0.0
30615.53 2.434057128946104e-13 0.0
30625.53 2.4329604653307777e-13 0.0
30635.53 2.4022446701831174e-13 0.0
30645.53 2.4042562829194353e-13 0.0
30655.53 2.385948160855291e-13 0.0
30665.53 2.4179753468379205e-13 0.0
30675.53 2.413050887454715e-13 0.0
30685.53 2.395473044044295e-13 0.0
30695.53 2.4040095401307877e-13 0.0
30705.53 2.4081950644482456e-13 0.0
30715.53 2.400199636623666e-13 0.0
30725.53 2.396510899406173e-13 0.0
30735.53 2.390226817027635e-13 0.0
30745.53 2.396519045030859e-13 0.0
30755.53 2.3918634691099197e-13 0.0
30765.53 2.3907453645363647e-13 0.0
30775.53 2.3873163091445943e-13 0.0
30785.53 2.3413807467841985e-13 0.0
30795.53 2.3782666489599125e-13 0.0
30805.53 2.366882215234784e-13 0.0
30815.53 2.364469575689266e-13 0.0
30825.53 2.3596656767024354e-13 0.0
30835.53 2.3609372210429224e-13 0.0
30845.53 2.317853772299473e-13 0.0
30855.53 2.3151615665783327e-13 0.0
30865.53 2.3286119945799315e-13 0.0
30875.53 2.358610061944859e-13 0.0
30885.53 2.3519174611874536e-13 0.0
30895.53 2.345271609263668e-13 0.0
30905.53 2.2525940343867286e-13 0.0
30915.53 2.3361391174756113e-13 0.0
30925.53 2.3413921656485954e-13 0.0
30935.53 2.3357141604901084e-13 0.0
30945.53 2.3326665075305794e-13 0.0
30955.53 2.326221330549841e-13 0.0
30965.53 2.3316838594468627e-13 0.0
30975.53 2.300155121238467e-13 0.0
30985.53 2.324499994138428e-13 0.0
30995.53 2.3221411565772375e-13 0.0
31005.53 2.3222070121977464e-13 0.0
31015.53 2.31801758990084e-13 0.0
31025.53 2.315573722950474e-13 0.0
31035.53 2.3124670099834224e-13 0.0
31045.53 2.3061837487371526e-13 0.0
31055.53 2.2591912386407848e-13 0.0
31065.53 2.3036189127764244e-13 0.0
31075.53 2.3012253985069365e-13 0.0
31085.53 2.297256113468811e-13 0.0
31095.53 2.296638839492284e-13 0.0
31105.53 2.2932270897247796e-13 0.0
31115.53 2.289834886195445e-13 0.0
31125.53 2.279924537899783e-13 0.0
31135.53 2.278666611638861e-13 0.0
31145.53 2.2066752496049662e-13 0.0
31155.53 2.1368631835421338e-13 0.0
31165.53 2.2203552612679412e-13 0.0
31175.53 2.2613194114750948e-13 0.0
31185.53 2.2590227562701586e-13 0.0
31195.53 2.2638909992280896e-13 0.0
31205.53 2.2592845584708105e-13 0.0
31215.53 2.261213050302297e-13 0.0
31225.53 2.2510261875319032e-13 0.0
31235.53 2.257882461630377e-13 0.0
31245.53 2.2495498221279705e-13 0.0
31255.53 2.2462696668035818e-13 0.0
31265.53 2.2420258278014208e-13 0.0
31275.53 2.2382995844017753e-13 0.0
31285.53 2.2398987553423184e-13 0.0
31295.53 2.2389631634195976e-13 0.0
31305.53 2.1416833391161604e-13 0.0
31315.53 2.2305096528714834e-13 0.0
31325.53 2.2289654507296224e-13 0.0
31335.53 2.2283348690846351e-13 0.0
31345.53 2.2071954711816715e-13 0.0
31355.53 2.1312747534016033e-13 0.0
31365.53 2.2191132325978293e-13 0.0
31375.53 2.2166290327575467e-13 0.0
31385.53 2.2091989907431714e-13 0.0
31395.53 2.212427250013243e-13 0.0
31405.53 2.1984860980132201e-13 0.0
31415.53 2.200771194738907e-13 0.0
31425.53 2.2033048251588253e-13 0.0
31435.53 2.2032300123766574e-13 0.0
31445.53 2.2000206207787205e-13 0.0
31455.53 2.1880053843462402e-13 0.0
31465.53 2.1938198818496856e-13 0.0
31475.53 2.1435586952870815e-13 0.0
31485.53 2.1915998359573284e-13 0.0
31495.53 2.1858335454679565e-13 0.0
31505.53 2.1818660083220222e-13 0.0
31515.53 2.0936036918119707e-13 0.0
31525.53 2.1797774856558383e-13 0.0
31535.53 2.1775039959549763e-13 0.0
31545.53 2.1753912244031087e-13 0.0
31555.53 2.1699031776591697e-13 0.0
31565.53 2.1386780011036444e-13 0.0
31575.53 2.1331966634429827e-13 0.0
31585.53 2.164255162072757e-13 0.0
31595.53 2.1524650321898968e-13 0.0
31605.53 2.1561770833804573e-13 0.0
31615.53 2.1545950470826392e-13 0.0
31625.53 2.1378807875109135e-13 0.0
31635.53 2.150255144988669e-13 0.0
31645.53 2.1387519813318344e-13 0.0
31655.53 2.1446082272231305e-13 0.0
31665.53 2.141993253423491e-13 0.0
31675.53 2.1254996250101645e-13 0.0
31685.53 2.1363997069524963e-13 0.0
31695.53 2.1031285725525196e-13 0.0
31705.53 2.1303739869208716e-13 0.0
31715.53 2.1225255014720088e-13 0.0
31725.53 2.122358374724675e-13 0.0
31735.53 2.1242623009992696e-13 0.0
31745.53 2.1244404567376163e-13 0.0
31755.53 2.1175047404778107e-13 0.0
31765.53 2.1097318456123545e-13 0.0
31775.53 2.1081094912212265e-13 0.0
31785.53 2.020472558525246e-13 0.0
31795.53 2.1041568203373145e-13 0.0
31805.53 2.0814831033802742e-13 0.0
31815.53 2.0979884336728812e-13 0.0
31825.53 2.0479836838204292e-13 0.0
31835.53 2.053373209555e-13 0.0
31845.53 2.1006611940454159e-13 0.0
31855.53 2.0967290937007354e-13 0.0
31865.53 2.093943076579293e-13 0.0
31875.53 2.085828842616512e-13 0.0
31885.53 2.0857603320241694e-13 0.0
31895.53 2.0859013250125186e-13 0.0
31905.53 2.0833824209486028e-13 0.0
31915.53 2.0558270801497612e-13 0.0
31925.53 2.0511449653366253e-13 0.0
31935.53 2.077817346378399e-13 0.0
31945.53 2.0744952661127298e-13 0.0
31955.53 2.0683055303402028e-13 0.0
31965.53 2.0689478145526845e-13 0.0
31975.53 2.0624243671483483e-13 0.0
31985.53 2.0599223125682218e-13 0.0
31995.53 2.0035919765433796e-13 0.0
32005.53 2.031368618887493e-13 0.0
32015.53 2.0511274387029343e-13 0.0
32025.53 2.0510074259133603e-13 0.0
32035.53 2.049773520474501e-13 0.0
32045.53 2.0491384351288636e-13 0.0
32055.53 2.0364869424600448e-13 0.0
32065.53 2.0336139733169862e-13 0.0
32075.53 2.0401364555669836e-13 0.0
32085.53 2.0407599506431662e-13 0.0
32095.53 2.0334497867136563e-13 0.0
32105.53 2.0357832559821839e-13 0.0
32115.53 2.0311329370124127e-13 0.0
32125.53 2.0314836802797996e-13 0.0
32135.53 2.0292094070337566e-13 0.0
32145.53 2.0021814729538841e-13 0.0
32155.53 2.0228702839381453e-13 0.0
32165.53 2.0193414885242466e-13 0.0
32175.53 2.0184209148662576e-13 0.0
32185.53 2.0150818316450168e-13 0.0
32195.53 2.0135186715161328e-13 0.0
32205.53 2.0117055525733188e-13 0.0
32215.53 1.9976407758102417e-13 0.0
32225.53 2.0048465212237832e-13 0.0
32235.53 1.9949904272809816e-13 0.0
32245.53 2.000196486512975e-13 0.0
32255.53 1.9931337871368284e-13 0.0
32265.53 1.998365509495125e-13 0.0
32275.53 1.9906685484599423e-13 0.0
32285.53 1.941736489099297e-13 0.0
32295.53 1.945413619808125e-13 0.0
32305.53 1.9840084293646562e-13 0.0
32315.53 1.9459755842007926e-13 0.0
32325.53 1.9762496395300657e-13 0.0
32335.53 1.9157979936289992e-13 0.0
32345.53 1.9775943413385836e-13 0.0
32355.53 1.9704999199697573e-13 0.0
32365.53 1.967970246014266e-13 0.0
32375.53 1.972584186573314e-13 0.0
32385.53 1.915850345267928e-13 0.0
32395.53 1.9662519615552063e-13 0.0
32405.53 1.9617902238699945e-13 0.0
32415.53 1.9554698160070573e-13 0.0
32425.53 1.9381844916530278e-13 0.0
32435.53 1.9586215423960385e-13 0.0
32445.53 1.9269345832770653e-13 0.0
32455.53 1.924705686393335e-13 0.0
32465.53 1.9522937836767826e-13 0.0
32475.53 1.948182621347911e-13 0.0
32485.53 1.9480730447454008e-13 0.0
32495.53 1.9448395925545575e-13 0.0
32505.53 1.935565905151989e-13 0.0
32515.53 1.9384555039340827e-13 0.0
32525.53 1.9354249579563586e-13 0.0
32535.53 1.9323030499461524e-13 0.0
32545.53 1.933633866370036e-13 0.0
32555.53 1.9255184147576884e-13 0.0
32565.53 1.9298505353055558e-13 0.0
32575.53 1.925985292594891e-13 0.0
32585.53 1.926426205762061e-13 0.0
32595.53 1.923514930718633e-13 0.0
32605.53 1.921904769816767e-13 0.0
32615.53 1.9188484741962647e-13 0.0
32625.53 1.916280159775625e-13 0.0
32635.53 1.91355238475875e-13 0.0
32645.53 1.8956556592781933e-13 0.0
32655.53 1.9070146791429335e-13 0.0
32665.53 1.9087924111270888e-13 0.0
32675.53 1.9059642962564096e-13 0.0
32685.53 1.900370815205475e-13 0.0
32695.53 1.9011329548976307e-13 0.0
32705.53 1.8951161911276925e-13 0.0
32715.53 1.8961278256317765e-13 0.0
32725.53 1.8937517922164958e-13 0.0
32735.53 1.8928009715678256e-13 0.0
32745.53 1.8903467739521723e-13 0.0
32755.53 1.8875589790144529e-13 0.0
32765.53 1.8676352921502926e-13 0.0
32775.53 1.8840160145128217e-13 0.0
32785.53 1.8814744902884657e-13 0.0
32795.53 1.8726255079320376e-13 0.0
32805.53 1.8665987386648197e-13 0.0
32815.53 1.800584001957947e-13 0.0
32825.53 1.8649834386552437e-13 0.0
32835.53 1.8687188335444352e-13 0.0
32845.53 1.8217407315579095e-13 0.0
32855.53 1.8236544025627506e-13 0.0
32865.53 1.837267330063336e-13 0.0
32875.53 1.834502891384158e-13 0.0
32885.53 1.8601868062978932e-13 0.0
32895.53 1.858731219181257e-13 0.0
32905.53 1.8530129959455222e-13 0.0
32915.53 1.8437445193572963e-13 0.0
32925.53 1.821234970818847e-13 0.0
32935.53 1.8195844404458288e-13 0.0
32945.53 1.8455399308910593e-13 0.0
32955.53 1.8404510692419954e-13 0.0
32965.53 1.8195452897359738e-13 0.0
32975.53 1.833117637145371e-13 0.0
32985.53 1.8382712585660683e-13 0.0
32995.53 1.8340329611843205e-13 0.0
33005.53 1.8323936257810682e-13 0.0
33015.53 1.8330032597321694e-13 0.0
33025.53 1.8309476706201824e-13 0.0
33035.53 1.8292073502284227e-13 0.0
33045.53 1.8234010786192702e-13 0.0
33055.53 1.8182239219513819e-13 0.0
33065.53 1.822026850883337e-13 0.0
33075.53 1.8180663396639422e-13 0.0
33085.53 1.8183820662054777e-13 0.0
33095.53 1.7977838174957778e-13 0.0
33105.53 1.8115139423410648e-13 0.0
33115.53 1.8099330939540157e-13 0.0
33125.53 1.8098036900969206e-13 0.0
33135.53 1.8072850149436587e-13 0.0
33145.53 1.8011615426115352e-13 0.0
33155.53 1.7874739131312792e-13 0.0
33165.53 1.7927656806890596e-13 0.0
33175.53 1.7910973888689354e-13 0.0
33185.53 1.7799751585866123e-13 0.0
33195.53 1.5804711932590433e-13 0.0
