reference_uv_spectra/lya_masked/K5-4420-hd85512-muscles.spec
# %ECSV 0.9
# ---
# datatype:
# - {name: w, datatype: float64}
# - {name: f, datatype: float64}
# - {name: e, datatype: float64}
# meta: !!omap
# - {distance: 10}
# - {w0: 1170.0}
# - {filename: K5-4420-hd85512-muscles.spec}
# schema: astropy-2.0
w f e
[from data line 2098]
6715.530000000001 4.4105145695919406e-12 0.0
6725.530000000001 4.563622898971987e-12 0.0
6735.530000000001 4.587946633557434e-12 0.0
6745.530000000001 4.4935696175109325e-12 0.0
6755.530000000001 4.495612257239305e-12 0.0
6765.530000000001 4.4920523042347674e-12 0.0
6775.530000000001 4.504568500093686e-12 0.0
6785.530000000001 4.433144183863989e-12 0.0
6795.530000000001 4.46468025585735e-12 0.0
6805.530000000001 4.449523058148528e-12 0.0
6815.530000000001 4.425585592156756e-12 0.0
6825.530000000001 4.430730899771066e-12 0.0
6835.530000000001 4.38267091644577e-12 0.0
6845.530000000001 4.327470888002608e-12 0.0
6855.530000000001 4.260833928400835e-12 0.0
6865.530000000001 4.301233800106254e-12 0.0
6875.530000000001 4.266850071063185e-12 0.0
6885.530000000001 4.231153475301043e-12 0.0
6895.530000000001 4.310708272623064e-12 0.0
6905.530000000001 4.3168008881883e-12 0.0
6915.530000000001 4.278552829929159e-12 0.0
6925.530000000001 4.349287599870014e-12 0.0
6935.530000000001 4.440623701938376e-12 0.0
6945.530000000001 4.4228905997448656e-12 0.0
6955.530000000001 4.4746678611284905e-12 0.0
6965.530000000001 4.487565878524108e-12 0.0
6975.530000000001 4.422979586369896e-12 0.0
6985.530000000001 4.3447487118008116e-12 0.0
6995.530000000001 4.409833961303284e-12 0.0
7005.530000000001 4.402091564901673e-12 0.0
7015.530000000001 4.38132397832965e-12 0.0
7025.530000000001 4.4320703103431034e-12 0.0
7035.530000000001 4.437705533531381e-12 0.0
7045.530000000001 4.582617029861937e-12 0.0
7055.530000000001 4.53851929466211e-12 0.0
7065.530000000001 4.467533406828267e-12 0.0
7075.530000000001 4.509858379578135e-12 0.0
7085.530000000001 4.431789594594714e-12 0.0
7095.530000000001 4.446104276052934e-12 0.0
7105.530000000001 4.465663512401229e-12 0.0
7115.530000000001 4.418851818309825e-12 0.0
7125.530000000001 4.427991146987347e-12 0.0
7135.530000000001 4.338682310619523e-12 0.0
7145.530000000001 4.201031213962123e-12 0.0
7155.530000000001 4.35279670822271e-12 0.0
7165.530000000001 4.3826967885718274e-12 0.0
7175.530000000001 4.441464274440272e-12 0.0
7185.530000000001 4.3259870979125166e-12 0.0
7195.530000000001 4.334314339084856e-12 0.0
7205.530000000001 4.289182591104329e-12 0.0
7215.530000000001 4.372489768128064e-12 0.0
7225.530000000001 4.4368665642099026e-12 0.0
7235.530000000001 4.4727364401746854e-12 0.0
7245.530000000001 4.417545186033162e-12 0.0
7255.530000000001 4.41752688640531e-12 0.0
7265.530000000001 4.418634468766175e-12 0.0
7275.530000000001 4.4710406818714555e-12 0.0
7285.530000000001 4.451290583686266e-12 0.0
7295.530000000001 4.3761411773032e-12 0.0
7305.530000000001 4.413540431052626e-12 0.0
7315.530000000001 4.4500231497842515e-12 0.0
7325.530000000001 4.274512772887151e-12 0.0
7335.530000000001 4.4579928905488845e-12 0.0
7345.530000000001 4.4341946448115475e-12 0.0
7355.530000000001 4.326644770114152e-12 0.0
7365.530000000001 4.355814091826249e-12 0.0
7375.530000000001 4.48137243927141e-12 0.0
7385.530000000001 4.39743290782725e-12 0.0
7395.530000000001 4.362283697591385e-12 0.0
7405.530000000001 4.376993021178723e-12 0.0
7415.530000000001 4.324755178406425e-12 0.0
7425.530000000001 4.349096735247507e-12 0.0
7435.530000000001 4.436434388012883e-12 0.0
7445.530000000001 4.304102954434273e-12 0.0
7455.530000000001 4.40697025557161e-12 0.0
7465.530000000001 4.362235548974939e-12 0.0
7475.530000000001 4.422955112092053e-12 0.0
7485.530000000001 4.433731722834434e-12 0.0
7495.530000000001 4.2868986694024335e-12 0.0
7505.530000000001 4.404778891520138e-12 0.0
7515.530000000001 4.343318165600259e-12 0.0
7525.530000000001 4.394868527532362e-12 0.0
7535.530000000001 4.418927425527668e-12 0.0
7545.530000000001 4.428430556473174e-12 0.0
7555.530000000001 4.390568576945107e-12 0.0
7565.530000000001 4.417756589151412e-12 0.0
7575.530000000001 4.380574860241752e-12 0.0
7585.530000000001 4.3356882071687804e-12 0.0
7595.530000000001 4.392356440008773e-12 0.0
7605.530000000001 4.3930076484258865e-12 0.0
7615.530000000001 4.310604897030474e-12 0.0
7625.530000000001 4.359298989698927e-12 0.0
7635.530000000001 4.3972423254670574e-12 0.0
7645.530000000001 4.401799670437782e-12 0.0
7655.530000000001 4.293823061869515e-12 0.0
7665.530000000001 4.001027282699843e-12 0.0
7675.530000000001 4.347155435697012e-12 0.0
7685.530000000001 4.333489058077526e-12 0.0
7695.530000000001 4.304870152291041e-12 0.0
7705.530000000001 4.20078762184636e-12 0.0
7715.530000000001 4.283917499388421e-12 0.0
7725.530000000001 4.270980755392842e-12 0.0
7735.530000000001 4.350490608006e-12 0.0
7745.530000000001 4.2670816933962155e-12 0.0
7755.530000000001 4.242352571104883e-12 0.0
7765.530000000001 4.330959099022821e-12 0.0
7775.530000000001 4.335386308720192e-12 0.0
7785.530000000001 4.276343497776545e-12 0.0
7795.530000000001 4.261700155984372e-12 0.0
7805.530000000001 4.2956036317872674e-12 0.0
7815.530000000001 4.3134370948902996e-12 0.0
7825.530000000001 4.286784263000026e-12 0.0
7835.530000000001 4.168541922524274e-12 0.0
7845.530000000001 4.27643943830765e-12 0.0
7855.530000000001 4.263118185049006e-12 0.0
7865.530000000001 4.302106132656102e-12 0.0
7875.530000000001 4.282718599348002e-12 0.0
7885.530000000001 4.2647012734970715e-12 0.0
7895.530000000001 4.257763498970365e-12 0.0
7905.530000000001 4.2487607457090694e-12 0.0
7915.530000000001 4.169861168817242e-12 0.0
7925.530000000001 4.226360809500054e-12 0.0
7935.530000000001 4.140592581478708e-12 0.0
7945.530000000001 4.099529654268646e-12 0.0
7955.530000000001 4.195976001397842e-12 0.0
7965.530000000001 4.229465615726789e-12 0.0
7975.530000000001 4.2360979740289345e-12 0.0
7985.530000000001 4.183842828153618e-12 0.0
7995.530000000001 4.216775192665686e-12 0.0
8005.530000000001 4.139626366181914e-12 0.0
8015.530000000001 4.23010377052759e-12 0.0
8025.530000000001 4.1750877617114316e-12 0.0
8035.530000000001 4.1959117780889e-12 0.0
8045.530000000001 4.097966200656742e-12 0.0
8055.530000000001 4.191505389927468e-12 0.0
8065.530000000001 4.191149210581297e-12 0.0
8075.530000000001 4.0857816565831485e-12 0.0
8085.530000000001 4.1287291713930735e-12 0.0
8095.530000000001 4.123558114834787e-12 0.0
8105.530000000001 4.142646031348437e-12 0.0
8115.530000000001 4.1213465765307644e-12 0.0
8125.530000000001 4.1497422207251634e-12 0.0
8135.530000000001 4.151936019609901e-12 0.0
8145.530000000001 4.1543428105259285e-12 0.0
8155.530000000001 4.146328098291981e-12 0.0
8165.530000000001 4.1231401317213476e-12 0.0
8175.530000000001 4.146604749879178e-12 0.0
8185.530000000001 3.909732004365906e-12 0.0
8195.53 3.881671238339738e-12 0.0
8205.53 4.0233885392016004e-12 0.0
8215.53 4.0672233760911724e-12 0.0
8225.53 4.041252825269115e-12 0.0
8235.53 4.085121946686098e-12 0.0
8245.53 4.083761834324427e-12 0.0
8255.53 4.065840134688542e-12 0.0
8265.53 4.111371928338831e-12 0.0
8275.53 4.10592066639945e-12 0.0
8285.53 4.1038783880962316e-12 0.0
8295.53 4.0656681322180626e-12 0.0
8305.53 4.025708874510258e-12 0.0
8315.53 4.050423001931181e-12 0.0
8325.53 3.876099964969344e-12 0.0
8335.53 3.993937086979867e-12 0.0
8345.53 4.006694159427634e-12 0.0
8355.53 4.0025846002598235e-12 0.0
8365.53 3.953503224829763e-12 0.0
8375.53 4.005423094686135e-12 0.0
8385.53 3.7757079767860755e-12 0.0
8395.53 3.920409881165092e-12 0.0
8405.53 4.0238932347345276e-12 0.0
8415.53 3.952331853253919e-12 0.0
8425.53 3.914761976759364e-12 0.0
8435.53 3.863211626286854e-12 0.0
8445.53 3.965200837056547e-12 0.0
8455.53 3.9722202975428034e-12 0.0
8465.53 3.974376286031188e-12 0.0
8475.53 3.8974720624472825e-12 0.0
8485.53 3.9922491753243356e-12 0.0
8495.53 3.854584591399532e-12 0.0
8505.53 3.813560855553267e-12 0.0
8515.53 3.8455859425329975e-12 0.0
8525.53 3.905474072396812e-12 0.0
8535.53 3.923572685121102e-12 0.0
8545.53 3.232284836349701e-12 0.0
8555.53 3.9002616528327995e-12 0.0
8565.53 3.964102695381632e-12 0.0
8575.53 3.9533558095148534e-12 0.0
8585.53 3.923623325131107e-12 0.0
8595.53 3.959794057798839e-12 0.0
8605.53 3.936452603612515e-12 0.0
8615.53 3.868584990665217e-12 0.0
8625.53 3.906377916062546e-12 0.0
8635.53 3.935241370497428e-12 0.0
8645.53 3.923052179936921e-12 0.0
8655.53 3.892619661757329e-12 0.0
8665.53 3.310479507221181e-12 0.0
8675.53 3.768103369325768e-12 0.0
8685.53 3.8120041617784585e-12 0.0
8695.53 3.602769087195112e-12 0.0
8705.53 3.839806284361558e-12 0.0
8715.53 3.807562045079758e-12 0.0
8725.53 3.862180247122169e-12 0.0
8735.53 3.79082448841739e-12 0.0
8745.53 3.856757415625619e-12 0.0
8755.53 3.801563767532248e-12 0.0
8765.53 3.819964930775077e-12 0.0
8775.53 3.782635302459598e-12 0.0
8785.53 3.8573599359468674e-12 0.0
8795.53 3.807283138690525e-12 0.0
8805.53 3.5622653026022666e-12 0.0
8815.53 3.814162465764414e-12 0.0
8825.53 3.648753751461544e-12 0.0
8835.53 3.8453997221109106e-12 0.0
8845.53 3.754167404188577e-12 0.0
8855.53 3.855123163592661e-12 0.0
8865.53 3.772785375906953e-12 0.0
8875.53 3.803515059873371e-12 0.0
8885.53 3.820513643281698e-12 0.0
8895.53 3.814871838713264e-12 0.0
8905.53 3.825770439239639e-12 0.0
8915.53 3.802524664790584e-12 0.0
8925.53 3.7557725809953874e-12 0.0
8935.53 3.776413029367277e-12 0.0
8945.53 3.7323445640943765e-12 0.0
8955.53 3.802546649822559e-12 0.0
8965.53 3.7684839379669e-12 0.0
8975.53 3.743148099943882e-12 0.0
8985.53 3.773743228235038e-12 0.0
8995.53 3.743638009160801e-12 0.0
9005.53 3.642958183577789e-12 0.0
9015.53 3.6215732696132247e-12 0.0
9025.53 3.679928202516956e-12 0.0
9035.53 3.7368045697643016e-12 0.0
9045.53 3.755120456488483e-12 0.0
9055.53 3.731524772773585e-12 0.0
9065.53 3.722977493681066e-12 0.0
9075.53 3.7256065295739484e-12 0.0
9085.53 3.689762692905944e-12 0.0
9095.53 3.5789508157676896e-12 0.0
9105.53 3.646872035252418e-12 0.0
9115.53 3.693523902666399e-12 0.0
9125.53 3.679552477305177e-12 0.0
9135.53 3.71322773816558e-12 0.0
9145.53 3.662020285434251e-12 0.0
9155.53 3.659530808903293e-12 0.0
9165.53 3.671620848354563e-12 0.0
9175.53 3.6087245390784167e-12 0.0
9185.53 3.6586027083934054e-12 0.0
9195.53 3.6415512231069296e-12 0.0
9205.53 3.6263054787903136e-12 0.0
9215.53 3.5878450713796905e-12 0.0
9225.53 3.6118181566209657e-12 0.0
9235.53 3.617041281877082e-12 0.0
9245.53 3.584347968099567e-12 0.0
9255.53 3.5482664129316042e-12 0.0
9265.53 3.564098637192065e-12 0.0
9275.53 3.62010147852966e-12 0.0
9285.53 3.5940576014126698e-12 0.0
9295.53 3.52678759324267e-12 0.0
9305.53 3.5990074500569048e-12 0.0
9315.53 3.6014620532541017e-12 0.0
9325.53 3.5853800150521234e-12 0.0
9335.53 3.6002097813986766e-12 0.0
9345.53 3.5859204077142706e-12 0.0
9355.53 3.558735709408401e-12 0.0
9365.53 3.543403838003166e-12 0.0
9375.53 3.5623451044081627e-12 0.0
9385.53 3.5623494144122305e-12 0.0
9395.53 3.535685747163999e-12 0.0
9405.53 3.534451551507498e-12 0.0
9415.53 3.4242818759477057e-12 0.0
9425.53 3.545969608117819e-12 0.0
9435.53 3.513004769440535e-12 0.0
9445.53 3.429203063396822e-12 0.0
9455.53 3.522924992993559e-12 0.0
9465.53 3.5263646119353775e-12 0.0
9475.53 3.534671220310076e-12 0.0
9485.53 3.5118605116546923e-12 0.0
9495.53 3.5290702728433747e-12 0.0
9505.53 3.5150867680058417e-12 0.0
9515.53 3.505780879538685e-12 0.0
9525.53 3.5103380652715166e-12 0.0
9535.53 3.4839500922385897e-12 0.0
9545.53 3.4503833401411485e-12 0.0
9555.53 3.4656529828187155e-12 0.0
9565.53 3.5000660638943282e-12 0.0
9575.53 3.421367641266935e-12 0.0
9585.53 3.4945575049935655e-12 0.0
9595.53 3.4895450298946952e-12 0.0
9605.53 3.4099370537574342e-12 0.0
9615.53 3.4808334222533288e-12 0.0
9625.53 3.4626017008666304e-12 0.0
9635.53 3.460252930446535e-12 0.0
9645.53 3.318531840388739e-12 0.0
9655.53 3.4125981310720255e-12 0.0
9665.53 3.4133050251954982e-12 0.0
9675.53 3.3364501183615804e-12 0.0
9685.53 3.450178116483936e-12 0.0
9695.53 3.3985836966560238e-12 0.0
9705.53 3.355658949161639e-12 0.0
9715.53 3.4219345481683183e-12 0.0
9725.53 3.405380615691651e-12 0.0
9735.53 3.326860334212131e-12 0.0
9745.53 3.2985461787205135e-12 0.0
9755.53 3.4172547695736287e-12 0.0
9765.53 3.416526894279609e-12 0.0
9775.53 3.3575625581661467e-12 0.0
9785.53 3.3014474136213596e-12 0.0
9795.53 3.348620851490177e-12 0.0
9805.53 3.3950886474807595e-12 0.0
9815.53 3.3981839988071073e-12 0.0
9825.53 3.3828510269151603e-12 0.0
9835.53 3.3541398242960745e-12 0.0
9845.53 3.393586704770843e-12 0.0
9855.53 3.3915559804973037e-12 0.0
9865.53 3.3752436274866892e-12 0.0
9875.53 3.381124721172542e-12 0.0
9885.53 3.3725850529367434e-12 0.0
9895.53 3.3396260037485132e-12 0.0
9905.53 3.235862879375847e-12 0.0
9915.53 3.209352871634085e-12 0.0
9925.53 3.2183892699221805e-12 0.0
9935.53 3.2646564731825343e-12 0.0
9945.53 3.2750320991831426e-12 0.0
9955.53 3.2807922333258805e-12 0.0
9965.53 3.2923439328053836e-12 0.0
9975.53 3.2492146728027966e-12 0.0
9985.53 3.2534252195998058e-12 0.0
9995.53 3.2627109687796673e-12 0.0
10005.53 3.257911201776056e-12 0.0
10015.53 3.2539457310434282e-12 0.0
10025.53 3.269390945031787e-12 0.0
10035.53 3.2490490666906998e-12 0.0
10045.53 3.2962140081649217e-12 0.0
10055.53 3.183278056279038e-12 0.0
10065.53 3.1669649593011885e-12 0.0
10075.53 3.25987363988161e-12 0.0
10085.53 3.249112728078645e-12 0.0
10095.53 3.233676878969931e-12 0.0
10105.53 3.262865535684409e-12 0.0
10115.53 3.209528203902253e-12 0.0
10125.53 3.2404355746363077e-12 0.0
10135.53 3.2343491412808303e-12 0.0
10145.53 3.1812865212348387e-12 0.0
10155.53 3.207919061436076e-12 0.0
10165.53 3.2150955458631895e-12 0.0
10175.53 3.2175854201793485e-12 0.0
10185.53 3.173877048155957e-12 0.0
10195.53 3.1958271285217304e-12 0.0
10205.53 3.1895179100960446e-12 0.0
10215.53 3.1497131521097033e-12 0.0
10225.53 3.1596740723228545e-12 0.0
10235.53 3.2123146580993135e-12 0.0
10245.53 3.215188692662251e-12 0.0
10255.53 3.1674046288416815e-12 0.0
10265.53 3.125534236951354e-12 0.0
10275.53 3.1499252833553423e-12 0.0
10285.53 3.142540131485192e-12 0.0
10295.53 3.1394522428711576e-12 0.0
10305.53 3.1382121230569594e-12 0.0
10315.53 3.162719631774942e-12 0.0
10325.53 3.1317594274676745e-12 0.0
10335.53 3.1217775583291306e-12 0.0
10345.53 3.0309160629693777e-12 0.0
10355.53 3.1250789849725554e-12 0.0
10365.53 3.166209582575517e-12 0.0
10375.53 3.1236478119831727e-12 0.0
10385.53 3.1134665950447145e-12 0.0
10395.53 3.0406229548292445e-12 0.0
10405.53 3.1544128775547357e-12 0.0
10415.53 3.100430872078169e-12 0.0
10425.53 3.0847167007596542e-12 0.0
10435.53 3.1148843515996585e-12 0.0
10445.53 3.1332637168582176e-12 0.0
10455.53 3.134975447888877e-12 0.0
10465.53 3.100643398577836e-12 0.0
10475.53 3.0631341874309895e-12 0.0
10485.53 3.0731697118368356e-12 0.0
10495.53 3.0898405782547804e-12 0.0
10505.53 3.1137337583997853e-12 0.0
10515.53 3.067596895879817e-12 0.0
10525.53 3.070756045336661e-12 0.0
10535.53 3.0909881686318657e-12 0.0
10545.53 3.0813187911836067e-12 0.0
10555.53 3.069244277243741e-12 0.0
10565.53 3.0846454591272874e-12 0.0
10575.53 3.0430573793527757e-12 0.0
10585.53 2.987295515766233e-12 0.0
10595.53 3.056890465520239e-12 0.0
10605.53 3.0050509324259935e-12 0.0
10615.53 3.051479122795765e-12 0.0
10625.53 3.042098225271701e-12 0.0
10635.53 3.052656991174533e-12 0.0
10645.53 3.0569600808165907e-12 0.0
10655.53 3.018935073642326e-12 0.0
10665.53 2.9639432934773592e-12 0.0
10675.53 2.9898104318197007e-12 0.0
10685.53 3.0261464420804484e-12 0.0
10695.53 2.989600287718319e-12 0.0
10705.53 2.9966563036104432e-12 0.0
10715.53 3.020109609465254e-12 0.0
10725.53 2.963585144859657e-12 0.0
10735.53 2.9633055868598883e-12 0.0
10745.53 3.00091315491869e-12 0.0
10755.53 2.953327642038224e-12 0.0
10765.53 3.002222819825098e-12 0.0
10775.53 2.9912652093640837e-12 0.0
10785.53 2.9368866127198694e-12 0.0
10795.53 2.977167284882139e-12 0.0
10805.53 2.954036616866699e-12 0.0
10815.53 2.8414147848828297e-12 0.0
10825.53 2.911735055571646e-12 0.0
10835.53 2.939624105896295e-12 0.0
10845.53 2.95164075195108e-12 0.0
10855.53 2.9571746337657083e-12 0.0
10865.53 2.9592235915844685e-12 0.0
10875.53 2.8739935193932357e-12 0.0
10885.53 2.930229720315201e-12 0.0
10895.53 2.924340660554802e-12 0.0
