reference_uv_spectra/lya_masked/K5-4420-hd85512-muscles.spec
# %ECSV 0.9
# ---
# datatype:
# - {name: w, datatype: float64}
# - {name: f, datatype: float64}
# - {name: e, datatype: float64}
# meta: !!omap
# - {distance: 10}
# - {w0: 1170.0}
# - {filename: K5-4420-hd85512-muscles.spec}
# schema: astropy-2.0
w f e
[from data line 4325]
28985.53 2.4835591054520543e-13 0.0
28995.53 2.470238902320705e-13 0.0
29005.53 2.3841948501147894e-13 0.0
29015.53 2.395021149948614e-13 0.0
29025.53 2.4628757551568554e-13 0.0
29035.53 2.4678241165458997e-13 0.0
29045.53 2.450451060317607e-13 0.0
29055.53 2.4402902899074626e-13 0.0
29065.53 2.453318798516056e-13 0.0
29075.53 2.4440334241499275e-13 0.0
29085.53 2.4032039624119573e-13 0.0
29095.53 2.424327372323196e-13 0.0
29105.53 2.352175492787853e-13 0.0
29115.53 2.4329651700164643e-13 0.0
29125.53 2.452671344239457e-13 0.0
29135.53 2.416740591858102e-13 0.0
29145.53 2.446062955504285e-13 0.0
29155.53 2.43125094342094e-13 0.0
29165.53 2.4357685061095594e-13 0.0
29175.53 2.427974863158825e-13 0.0
29185.53 2.4228078727524235e-13 0.0
29195.53 2.42533112584745e-13 0.0
29205.53 2.4160250624038e-13 0.0
29215.53 2.4010228801939926e-13 0.0
29225.53 2.2217246889806587e-13 0.0
29235.53 2.350134684400796e-13 0.0
29245.53 2.3724544434482134e-13 0.0
29255.53 2.373110775424192e-13 0.0
29265.53 2.323957730249806e-13 0.0
29275.53 2.3670497295592476e-13 0.0
29285.53 2.2785732050938375e-13 0.0
29295.53 2.3246262026497564e-13 0.0
29305.53 2.3686870902507674e-13 0.0
29315.53 2.387462006606872e-13 0.0
29325.53 2.3801683011363324e-13 0.0
29335.53 2.355024537333116e-13 0.0
29345.53 2.1644597158245158e-13 0.0
29355.53 2.3738785056132094e-13 0.0
29365.53 2.357443765544266e-13 0.0
29375.53 2.358767994387778e-13 0.0
29385.53 2.221299437194603e-13 0.0
29395.53 2.364554857057508e-13 0.0
29405.53 2.327896451513546e-13 0.0
29415.53 2.28038067052848e-13 0.0
29425.53 2.3504366681834866e-13 0.0
29435.53 2.310924040340674e-13 0.0
29445.53 2.245273272546419e-13 0.0
29455.53 2.2698624569526844e-13 0.0
29465.53 2.2318479574835197e-13 0.0
29475.53 2.268269800396955e-13 0.0
29485.53 2.2999674713725116e-13 0.0
29495.53 2.2476904887830045e-13 0.0
29505.53 2.269069234367443e-13 0.0
29515.53 2.3174624912329877e-13 0.0
29525.53 2.3219065018487195e-13 0.0
29535.53 2.2998864622333146e-13 0.0
29545.53 2.2386332002394522e-13 0.0
29555.53 2.283473394296421e-13 0.0
29565.53 2.2711486444480394e-13 0.0
29575.53 2.2676031417393897e-13 0.0
29585.53 2.3036378098366324e-13 0.0
29595.53 2.2921358643058203e-13 0.0
29605.53 2.1215343525060763e-13 0.0
29615.53 2.227883899062195e-13 0.0
29625.53 2.2660726852680492e-13 0.0
29635.53 2.246194314752594e-13 0.0
29645.53 2.267946903145803e-13 0.0
29655.53 2.2816780243930036e-13 0.0
29665.53 2.2524493484009038e-13 0.0
29675.53 2.283167986164665e-13 0.0
29685.53 2.213801761319925e-13 0.0
29695.53 2.178142161006531e-13 0.0
29705.53 2.1192630837256022e-13 0.0
29715.53 2.2471671376577866e-13 0.0
29725.53 2.239737272580653e-13 0.0
29735.53 2.2610209881490756e-13 0.0
29745.53 2.2674034071352624e-13 0.0
29755.53 2.2441791070628643e-13 0.0
29765.53 2.2431537277551454e-13 0.0
29775.53 2.2622511645849417e-13 0.0
29785.53 2.2256788896523956e-13 0.0
29795.53 2.187412323249879e-13 0.0
29805.53 2.2491680688586532e-13 0.0
29815.53 2.2190513169179874e-13 0.0
29825.53 2.225875954097653e-13 0.0
29835.53 2.2160533097704888e-13 0.0
29845.53 2.2288590713522334e-13 0.0
29855.53 2.2316489000160591e-13 0.0
29865.53 2.2113647922485397e-13 0.0
29875.53 2.183121158214084e-13 0.0
29885.53 2.183550338836734e-13 0.0
29895.53 2.113429220097602e-13 0.0
29905.53 2.1923979227219136e-13 0.0
29915.53 2.166894939789654e-13 0.0
29925.53 2.1964936159792374e-13 0.0
29935.53 2.2013656860636347e-13 0.0
29945.53 2.213419538006879e-13 0.0
29955.53 2.1923025261325375e-13 0.0
29965.53 2.1844843322494647e-13 0.0
29975.53 2.199831049583961e-13 0.0
29985.53 2.189091633737802e-13 0.0
29995.53 2.1254792593536447e-13 0.0
30005.53 2.0434122351324015e-13 0.0
30015.53 2.176245158405717e-13 0.0
30025.53 2.183292468424057e-13 0.0
30035.53 2.163713235455449e-13 0.0
30045.53 2.1316185857007037e-13 0.0
30055.53 2.1736851125023328e-13 0.0
30065.53 2.1167670537334873e-13 0.0
30075.53 2.0628822066874e-13 0.0
30085.53 2.0391231326681555e-13 0.0
30095.53 2.13978480872599e-13 0.0
30105.53 2.0687323139654913e-13 0.0
30115.53 2.156449650377252e-13 0.0
30125.53 2.1545058933709296e-13 0.0
30135.53 2.155228987689718e-13 0.0
30145.53 2.1562405100611982e-13 0.0
30155.53 2.144178476309079e-13 0.0
30165.53 2.147772910562609e-13 0.0
30175.53 2.13448898474066e-13 0.0
30185.53 2.137724284601529e-13 0.0
30195.53 2.1068707976639348e-13 0.0
30205.53 2.0784351632104013e-13 0.0
30215.53 2.1304782491791135e-13 0.0
30225.53 2.106857874382997e-13 0.0
30235.53 2.1203229534539272e-13 0.0
30245.53 2.11419068426113e-13 0.0
30255.53 2.110967441735594e-13 0.0
30265.53 2.040184338729921e-13 0.0
30275.53 2.103767030320132e-13 0.0
30285.53 2.0920112432623865e-13 0.0
30295.53 2.1016462343222292e-13 0.0
30305.53 2.1049080021759897e-13 0.0
30315.53 2.0901170896436557e-13 0.0
30325.53 2.1036897907621005e-13 0.0
30335.53 2.089976313416332e-13 0.0
30345.53 2.1029044298668366e-13 0.0
30355.53 2.0986185639948913e-13 0.0
30365.53 2.0522621095733417e-13 0.0
30375.53 2.1018900592411923e-13 0.0
30385.53 2.0877845740812875e-13 0.0
30395.53 2.0524405426818916e-13 0.0
30405.53 2.0893717252603496e-13 0.0
30415.53 1.9024561884774296e-13 0.0
30425.53 2.0755097562626636e-13 0.0
30435.53 1.979064771079729e-13 0.0
30445.53 2.0614415150091007e-13 0.0
30455.53 2.0604848321049598e-13 0.0
30465.53 2.0678368598305593e-13 0.0
30475.53 2.0568749644809965e-13 0.0
30485.53 1.868326066788778e-13 0.0
30495.53 2.046379148229802e-13 0.0
30505.53 2.042402426665916e-13 0.0
30515.53 2.0496504541377697e-13 0.0
30525.53 2.0311515146551726e-13 0.0
30535.53 2.0387421757553922e-13 0.0
30545.53 2.0095414546563483e-13 0.0
30555.53 2.0572634470631203e-13 0.0
30565.53 2.054748799776516e-13 0.0
30575.53 2.0421363584169124e-13 0.0
30585.53 2.0078064038484595e-13 0.0
30595.53 2.0320200485279413e-13 0.0
30605.53 2.0314400013913655e-13 0.0
30615.53 2.0337372884034712e-13 0.0
30625.53 2.0394122636192267e-13 0.0
30635.53 2.0348437041804346e-13 0.0
30645.53 1.9651268498552727e-13 0.0
30655.53 1.9170017074519564e-13 0.0
30665.53 2.016570030198484e-13 0.0
30675.53 2.0214503231000624e-13 0.0
30685.53 2.0050015463121377e-13 0.0
30695.53 2.0084948822137122e-13 0.0
30705.53 1.9994011285576735e-13 0.0
30715.53 1.9991432872683713e-13 0.0
30725.53 1.997190258871019e-13 0.0
30735.53 1.9738872238700953e-13 0.0
30745.53 1.9910797411865222e-13 0.0
30755.53 1.9909512229486955e-13 0.0
30765.53 1.9998171647112898e-13 0.0
30775.53 1.9989733763700622e-13 0.0
30785.53 1.9422613668425834e-13 0.0
30795.53 1.9408236891589732e-13 0.0
30805.53 1.9820558026660614e-13 0.0
30815.53 1.9891175658921305e-13 0.0
30825.53 1.974114328762344e-13 0.0
30835.53 1.954115197123558e-13 0.0
30845.53 1.949611310602435e-13 0.0
30855.53 1.8116645357265698e-13 0.0
30865.53 1.9327166139083808e-13 0.0
30875.53 1.9307921487259416e-13 0.0
30885.53 1.959342936574118e-13 0.0
30895.53 1.9438307780547658e-13 0.0
30905.53 1.8530775120297472e-13 0.0
30915.53 1.847701622155816e-13 0.0
30925.53 1.955513066157854e-13 0.0
30935.53 1.9413708851351587e-13 0.0
30945.53 1.935595069952201e-13 0.0
30955.53 1.9353606844478114e-13 0.0
30965.53 1.9391403402958902e-13 0.0
30975.53 1.9195332536414287e-13 0.0
30985.53 1.9306417869840956e-13 0.0
30995.53 1.9453832718352346e-13 0.0
31005.53 1.938427958138088e-13 0.0
31015.53 1.944392256475515e-13 0.0
31025.53 1.9369753439615128e-13 0.0
31035.53 1.939087186523378e-13 0.0
31045.53 1.9347096312407163e-13 0.0
31055.53 1.8603679161430528e-13 0.0
31065.53 1.8736163128040702e-13 0.0
31075.53 1.9197034479251983e-13 0.0
31085.53 1.915096993423486e-13 0.0
31095.53 1.9200174363485088e-13 0.0
31105.53 1.9081791753338155e-13 0.0
31115.53 1.916452855347688e-13 0.0
31125.53 1.9099854534995808e-13 0.0
31135.53 1.8937091991118034e-13 0.0
31145.53 1.8520107583256935e-13 0.0
31155.53 1.7707649041116526e-13 0.0
31165.53 1.8165220799767802e-13 0.0
31175.53 1.8268169029395055e-13 0.0
31185.53 1.8549294068901893e-13 0.0
31195.53 1.8608313847454346e-13 0.0
31205.53 1.8865010862676442e-13 0.0
31215.53 1.8643621442235974e-13 0.0
31225.53 1.87054739088694e-13 0.0
31235.53 1.8906793399586854e-13 0.0
31245.53 1.882211426283665e-13 0.0
31255.53 1.8672899676041322e-13 0.0
31265.53 1.8775420111877088e-13 0.0
31275.53 1.8763791946565437e-13 0.0
31285.53 1.844374792583029e-13 0.0
31295.53 1.86716718362054e-13 0.0
31305.53 1.7758938167805678e-13 0.0
31315.53 1.7575159738463484e-13 0.0
31325.53 1.8431641234284347e-13 0.0
31335.53 1.8527668098295743e-13 0.0
31345.53 1.8582983246301531e-13 0.0
31355.53 1.7264138712376162e-13 0.0
31365.53 1.771430799307982e-13 0.0
31375.53 1.8520795361503136e-13 0.0
31385.53 1.842683940655777e-13 0.0
31395.53 1.8431572898776362e-13 0.0
31405.53 1.8461190114042235e-13 0.0
31415.53 1.8161916250543043e-13 0.0
31425.53 1.8391345577024312e-13 0.0
31435.53 1.836369053872704e-13 0.0
31445.53 1.82948321156796e-13 0.0
31455.53 1.8165706515392759e-13 0.0
31465.53 1.840916582747348e-13 0.0
31475.53 1.8312254817633896e-13 0.0
31485.53 1.723106847068611e-13 0.0
31495.53 1.8260742709587556e-13 0.0
31505.53 1.8286366852853745e-13 0.0
31515.53 1.7610445480125945e-13 0.0
31525.53 1.820814720643231e-13 0.0
31535.53 1.817050398930381e-13 0.0
31545.53 1.8163667919244e-13 0.0
31555.53 1.8131297071401183e-13 0.0
31565.53 1.7545478605892888e-13 0.0
31575.53 1.7257184641957946e-13 0.0
31585.53 1.8080873734939206e-13 0.0
31595.53 1.805010963276141e-13 0.0
31605.53 1.7974213606428504e-13 0.0
31615.53 1.8022346910239113e-13 0.0
31625.53 1.7978611143344124e-13 0.0
31635.53 1.7712081161262417e-13 0.0
31645.53 1.7823968988724913e-13 0.0
31655.53 1.7929495307387433e-13 0.0
31665.53 1.795323542822392e-13 0.0
31675.53 1.7800186395274172e-13 0.0
31685.53 1.7879515316175681e-13 0.0
31695.53 1.7837744258348412e-13 0.0
31705.53 1.7607547943731927e-13 0.0
31715.53 1.7686204708784983e-13 0.0
31725.53 1.7730435127701046e-13 0.0
31735.53 1.7793534205346949e-13 0.0
31745.53 1.7742555489035268e-13 0.0
31755.53 1.7802492197230565e-13 0.0
31765.53 1.7564401129896297e-13 0.0
31775.53 1.7632689659052135e-13 0.0
31785.53 1.662565290691454e-13 0.0
31795.53 1.6732011968350571e-13 0.0
31805.53 1.726922328949435e-13 0.0
31815.53 1.7423085426692556e-13 0.0
31825.53 1.6686131061466076e-13 0.0
31835.53 1.6665279476636799e-13 0.0
31845.53 1.7622013001385817e-13 0.0
31855.53 1.7554944101868188e-13 0.0
31865.53 1.7484548057396965e-13 0.0
31875.53 1.754429366556259e-13 0.0
31885.53 1.7306210737288504e-13 0.0
31895.53 1.7369760385243321e-13 0.0
31905.53 1.7507641630374753e-13 0.0
31915.53 1.7438635392534126e-13 0.0
31925.53 1.6226058439692396e-13 0.0
31935.53 1.740913687986991e-13 0.0
31945.53 1.7341931274991774e-13 0.0
31955.53 1.7292894681878973e-13 0.0
31965.53 1.733168043759635e-13 0.0
31975.53 1.7333823182600193e-13 0.0
31985.53 1.6835677123951227e-13 0.0
31995.53 1.6611821054894592e-13 0.0
32005.53 1.6624086618388576e-13 0.0
32015.53 1.7025686597181954e-13 0.0
32025.53 1.7167661254762442e-13 0.0
32035.53 1.7143498449000457e-13 0.0
32045.53 1.71086645008816e-13 0.0
32055.53 1.703018577414695e-13 0.0
32065.53 1.7141728864890918e-13 0.0
32075.53 1.697217992453878e-13 0.0
32085.53 1.712254829726321e-13 0.0
32095.53 1.711943026178176e-13 0.0
32105.53 1.7034510410179347e-13 0.0
32115.53 1.7092316622592178e-13 0.0
32125.53 1.7038944434031784e-13 0.0
32135.53 1.7053635950510158e-13 0.0
32145.53 1.6815693646645977e-13 0.0
32155.53 1.6942977151575212e-13 0.0
32165.53 1.6890167168097195e-13 0.0
32175.53 1.6919592582876853e-13 0.0
32185.53 1.686197538196191e-13 0.0
32195.53 1.6822068063566328e-13 0.0
32205.53 1.6896487024316688e-13 0.0
32215.53 1.6359512735152334e-13 0.0
32225.53 1.682334557553186e-13 0.0
32235.53 1.6722640150050248e-13 0.0
32245.53 1.6766895889957477e-13 0.0
32255.53 1.677753426934464e-13 0.0
32265.53 1.664021565936333e-13 0.0
32275.53 1.6712047854086147e-13 0.0
32285.53 1.5641056157000275e-13 0.0
32295.53 1.5744263576591805e-13 0.0
32305.53 1.6690525802643575e-13 0.0
32315.53 1.6680114200247646e-13 0.0
32325.53 1.57476677564788e-13 0.0
32335.53 1.563537741651131e-13 0.0
32345.53 1.6582974530555228e-13 0.0
32355.53 1.6624091343111888e-13 0.0
32365.53 1.6052653085320177e-13 0.0
32375.53 1.6554475378133302e-13 0.0
32385.53 1.5940337463073574e-13 0.0
32395.53 1.5896074176566006e-13 0.0
32405.53 1.6338405825343647e-13 0.0
32415.53 1.6427499346163917e-13 0.0
32425.53 1.6286096872110967e-13 0.0
32435.53 1.639056712094746e-13 0.0
32445.53 1.5797452286169118e-13 0.0
32455.53 1.5710639999180778e-13 0.0
32465.53 1.6401696139272412e-13 0.0
32475.53 1.6386582215073304e-13 0.0
32485.53 1.6369196933115558e-13 0.0
32495.53 1.633025373124482e-13 0.0
32505.53 1.6190507333857217e-13 0.0
32515.53 1.6277944485984298e-13 0.0
32525.53 1.6283713010576006e-13 0.0
32535.53 1.6121424027797443e-13 0.0
32545.53 1.6084643167434833e-13 0.0
32555.53 1.6219054269260582e-13 0.0
32565.53 1.6169094343200558e-13 0.0
32575.53 1.621076973586945e-13 0.0
32585.53 1.6166448191296037e-13 0.0
32595.53 1.6169419000275155e-13 0.0
32605.53 1.6162330415069216e-13 0.0
32615.53 1.6125648761521492e-13 0.0
32625.53 1.6126975278379667e-13 0.0
32635.53 1.6072577455739925e-13 0.0
32645.53 1.550055342874012e-13 0.0
32655.53 1.6024608588619124e-13 0.0
32665.53 1.6020302489241032e-13 0.0
32675.53 1.6016649118613704e-13 0.0
32685.53 1.590003321061288e-13 0.0
32695.53 1.5922789932153304e-13 0.0
32705.53 1.5901340581085375e-13 0.0
32715.53 1.5857642896196123e-13 0.0
32725.53 1.595082840850151e-13 0.0
32735.53 1.591552486802985e-13 0.0
32745.53 1.587387871705588e-13 0.0
32755.53 1.5836644278689474e-13 0.0
32765.53 1.5516239116259016e-13 0.0
32775.53 1.5562929301648549e-13 0.0
32785.53 1.578825549478655e-13 0.0
32795.53 1.5784158452801308e-13 0.0
32805.53 1.565976962460345e-13 0.0
32815.53 1.4866696529890636e-13 0.0
32825.53 1.4914586941709664e-13 0.0
32835.53 1.5731636870873114e-13 0.0
32845.53 1.4751560216328924e-13 0.0
32855.53 1.5561788748954886e-13 0.0
32865.53 1.4946496034372022e-13 0.0
32875.53 1.4499869521777463e-13 0.0
32885.53 1.561337949375334e-13 0.0
32895.53 1.5655908071674183e-13 0.0
32905.53 1.5592520120389936e-13 0.0
32915.53 1.5514331541217947e-13 0.0
32925.53 1.494592912302901e-13 0.0
32935.53 1.4910343422052158e-13 0.0
32945.53 1.5481231801208461e-13 0.0
32955.53 1.5483864715179158e-13 0.0
32965.53 1.547804050730324e-13 0.0
32975.53 1.5442161679920907e-13 0.0
32985.53 1.5457055029593707e-13 0.0
32995.53 1.542534042476194e-13 0.0
33005.53 1.531265267433948e-13 0.0
33015.53 1.541040602185064e-13 0.0
33025.53 1.5408427182618996e-13 0.0
33035.53 1.5399257184212033e-13 0.0
33045.53 1.534837608434471e-13 0.0
33055.53 1.519564396480171e-13 0.0
33065.53 1.5340171735592225e-13 0.0
33075.53 1.5280251452556918e-13 0.0
33085.53 1.5288429932526145e-13 0.0
33095.53 1.4687504704548485e-13 0.0
33105.53 1.5216583478400708e-13 0.0
33115.53 1.519029955794467e-13 0.0
33125.53 1.5194613783611272e-13 0.0
33135.53 1.5249176582924326e-13 0.0
33145.53 1.511095298454567e-13 0.0
33155.53 1.497979692313361e-13 0.0
33165.53 1.4797538236070217e-13 0.0
33175.53 1.5015694427526256e-13 0.0
33185.53 1.49575084145396e-13 0.0
33195.53 1.41702759999789e-13 0.0
33205.53 1.341583212234649e-13 0.0
33215.53 1.4997079489243962e-13 0.0
33225.53 1.5003667883892145e-13 0.0
33235.53 1.5007596863952736e-13 0.0
33245.53 1.4908524097587155e-13 0.0
33255.53 1.4882409289442792e-13 0.0
33265.53 1.4713695930350987e-13 0.0
33275.53 1.4998784174218475e-13 0.0
33285.53 1.4964067649218308e-13 0.0
33295.53 1.4870190864126417e-13 0.0
33305.53 1.491575758796193e-13 0.0
33315.53 1.4788957949412671e-13 0.0
33325.53 1.4858689781086904e-13 0.0
33335.53 1.4881287314299247e-13 0.0
33345.53 1.4878422768448863e-13 0.0
33355.53 1.4599864168031717e-13 0.0
33365.53 1.4091862219032258e-13 0.0
33375.53 1.4076205815030536e-13 0.0
33385.53 1.4081781144443343e-13 0.0
33395.53 1.3444068038038058e-13 0.0
33405.53 1.4568048780109684e-13 0.0
33415.53 1.3980945325717212e-13 0.0
33425.53 1.4670514988631468e-13 0.0
33435.53 1.407110753841174e-13 0.0
33445.53 1.4060870286498347e-13 0.0
33455.53 1.4663701930670125e-13 0.0
