reference_uv_spectra/lya_masked/K5-4420-hd85512-muscles.spec
# %ECSV 0.9
# ---
# datatype:
# - {name: w, datatype: float64}
# - {name: f, datatype: float64}
# - {name: e, datatype: float64}
# meta: !!omap
# - {distance: 10}
# - {w0: 1170.0}
# - {filename: K5-4420-hd85512-muscles.spec}
# schema: astropy-2.0
w f e
[from data line 1536]
2698.92 1.6312005075459778e-14 5.968850012251282e-16
2708.92 1.9593109231369575e-14 5.673414525623855e-16
2718.92 1.7866310702944965e-14 5.0170340342473315e-16
2728.92 2.3122131066662026e-14 6.055112307676796e-16
2738.92 2.005610465000614e-14 6.146254526059508e-16
2748.92 2.5136182897847874e-14 5.940125813081419e-16
2758.92 2.4885828750242057e-14 5.581511576793061e-16
2768.92 2.961173081713588e-14 7.012723243789387e-16
2778.92 2.8052528167237963e-14 6.415949298145648e-16
2788.92 2.8942291356775956e-14 6.764243039601687e-16
2794.352 3.102739980740623e-14 8.171762572265558e-16
2794.402 4.2018368005479425e-14 6.976667097080812e-15
2794.452 4.2018368005447114e-14 6.976667097080812e-15
2794.5020000000004 4.2018368005479425e-14 6.9766670970705275e-15
2794.5520000000006 4.2018368005447114e-14 6.976667097080812e-15
2794.6020000000008 4.2018368005447114e-14 6.976667097080812e-15
2794.652000000001 4.2018368005479425e-14 6.976667097080812e-15
2794.702000000001 4.2018368005447114e-14 6.9766670970705275e-15
2794.7520000000013 4.12391076197556e-14 6.873119948487803e-15
2794.8020000000015 4.11498053326243e-14 6.861153768688835e-15
2794.8520000000017 4.114980533259199e-14 6.861153768678378e-15
2794.902000000002 4.11498053326243e-14 6.861153768688835e-15
2794.952000000002 4.11498053326243e-14 6.861153768688835e-15
2795.002000000002 4.11498053326243e-14 6.861153768678378e-15
2795.0520000000024 4.114980533259199e-14 6.861153768688835e-15
2795.1020000000026 4.306599562407066e-14 6.998886467056248e-15
2795.1520000000028 6.11717952800679e-14 8.18670198905206e-15
2795.202000000003 6.117179528003559e-14 8.18670198905206e-15
2795.252000000003 6.11717952800679e-14 8.18670198905206e-15
2795.3020000000033 6.117179528003559e-14 8.18670198905206e-15
2795.3520000000035 6.117179528003559e-14 8.18670198905206e-15
2795.4020000000037 6.11717952800679e-14 8.18670198905206e-15
2795.452000000004 6.117179528003559e-14 8.18670198905206e-15
2795.502000000004 7.237282266911175e-14 8.816378726065775e-15
2795.552000000004 9.924259945975555e-14 1.0169162782741773e-14
2795.6020000000044 9.924259945975555e-14 1.0169162782741773e-14
2795.6520000000046 9.924259945972324e-14 1.0169162782741773e-14
2795.702000000005 9.924259945975555e-14 1.016916278274883e-14
2795.752000000005 9.924259945972324e-14 1.0169162782741773e-14
2795.802000000005 9.924259945975555e-14 1.0169162782741773e-14
2795.8520000000053 9.924259945975555e-14 1.0169162782741773e-14
2795.9020000000055 1.7485767213785996e-13 1.3519388532952918e-14
2795.9520000000057 2.527066806955296e-13 1.6262856270461307e-14
2796.002000000006 2.527066806955296e-13 1.6262856270461307e-14
2796.052000000006 2.527066806955296e-13 1.6262856270461307e-14
2796.1020000000062 2.527066806955296e-13 1.6262856270461307e-14
2796.1520000000064 2.527066806955296e-13 1.6262856270461307e-14
2796.2020000000066 2.527066806955296e-13 1.6262856270461307e-14
2796.252000000007 2.527066806955296e-13 1.6262856270461307e-14
2796.302000000007 3.4519926564725346e-13 1.8581346071686345e-14
2796.352000000007 3.86517599068233e-13 1.9528316659430092e-14
2796.4020000000073 3.86517599068233e-13 1.9528316659430092e-14
2796.4520000000075 3.86517599068233e-13 1.9528316659430092e-14
2796.5020000000077 3.86517599068233e-13 1.9528316659430092e-14
2796.552000000008 3.86517599068233e-13 1.9528316659430092e-14
2796.602000000008 3.86517599068233e-13 1.9528316659430092e-14
2796.6520000000082 3.86517599068233e-13 1.9528316659430092e-14
2796.7020000000084 2.441149236286032e-13 1.576083165239256e-14
2796.7520000000086 2.2646243579914793e-13 1.5229016093437885e-14
2796.802000000009 2.2646243579918024e-13 1.5229016093442596e-14
2796.852000000009 2.2646243579918024e-13 1.5229016093442596e-14
2796.902000000009 2.2646243579918024e-13 1.5229016093437885e-14
2796.9520000000093 2.2646243579918024e-13 1.5229016093442596e-14
2797.0020000000095 2.2646243579914793e-13 1.5229016093437885e-14
2797.0520000000097 2.1548424717705942e-13 1.4862996182365058e-14
2797.10200000001 1.019823973966456e-13 1.0345709607317593e-14
2797.15200000001 1.0198239739667791e-13 1.0345709607310659e-14
2797.2020000000102 1.019823973966456e-13 1.0345709607317593e-14
2797.2520000000104 1.019823973966456e-13 1.0345709607310659e-14
2797.3020000000106 1.019823973966456e-13 1.0345709607317593e-14
2797.352000000011 1.019823973966456e-13 1.0345709607310659e-14
2797.402000000011 1.019823973966456e-13 1.0345709607317593e-14
2797.452000000011 9.054396685892535e-14 9.803887521312387e-15
2797.5020000000113 6.208126443345746e-14 8.303599725907164e-15
2797.5520000000115 6.208126443348977e-14 8.303599725907164e-15
2797.6020000000117 6.208126443348977e-14 8.303599725898525e-15
2797.652000000012 6.208126443348977e-14 8.303599725907164e-15
2797.702000000012 6.208126443345746e-14 8.303599725907164e-15
2797.7520000000122 6.208126443348977e-14 8.303599725907164e-15
2797.8020000000124 6.208126443348977e-14 8.303599725898525e-15
2797.8520000000126 5.5970409772371115e-14 7.906114677886063e-15
2797.902000000013 4.9485127444896434e-14 7.461148962093558e-15
2797.952000000013 4.9485127444896434e-14 7.461148962083942e-15
2798.002000000013 4.9485127444896434e-14 7.461148962083942e-15
2798.0520000000133 4.9485127444896434e-14 7.461148962083942e-15
2798.1020000000135 4.948512744486412e-14 7.461148962083942e-15
2798.1520000000137 4.9485127444896434e-14 7.461148962083942e-15
2798.202000000014 4.9485127444896434e-14 7.461148962083942e-15
2798.252000000014 4.588653435953551e-14 7.156902733814035e-15
2798.3020000000142 4.4220945330864445e-14 7.011616204166604e-15
2798.352 3.4269022081063367e-14 1.1114522815752043e-15
2801.53 3.413135416904283e-14 1.1166641963318391e-15
2801.5800000000004 3.227862817165327e-14 6.156665689599232e-15
2801.6300000000006 3.227862817165327e-14 6.156665689599232e-15
2801.6800000000007 3.227862817165327e-14 6.156665689599232e-15
2801.730000000001 3.2300183449577154e-14 6.15855268866413e-15
2801.780000000001 3.301114368214614e-14 6.2204709980095774e-15
2801.8300000000013 3.3011143682178454e-14 6.2204709980095774e-15
2801.8800000000015 3.3011143682178454e-14 6.220470998021112e-15
2801.9300000000017 3.3011143682178454e-14 6.2204709980095774e-15
2801.980000000002 3.3011143682178454e-14 6.220470998021112e-15
2802.030000000002 3.301114368214614e-14 6.2204709980095774e-15
2802.080000000002 3.3011143682178454e-14 6.2204709980095774e-15
2802.1300000000024 3.4817693782070904e-14 6.343069596585763e-15
2802.1800000000026 4.0940997186352306e-14 6.742053619895024e-15
2802.2300000000027 4.0940997186352306e-14 6.742053619884382e-15
2802.280000000003 4.0940997186352306e-14 6.742053619895024e-15
2802.330000000003 4.094099718638462e-14 6.742053619895024e-15
2802.3800000000033 4.0940997186352306e-14 6.742053619884382e-15
2802.4300000000035 4.0940997186352306e-14 6.742053619895024e-15
2802.4800000000037 4.0940997186352306e-14 6.742053619884382e-15
2802.530000000004 5.1726962356312626e-14 7.594628618459852e-15
2802.580000000004 6.624844872913561e-14 8.610152500857804e-15
2802.630000000004 6.624844872913561e-14 8.610152500866136e-15
2802.6800000000044 6.624844872913561e-14 8.610152500857804e-15
2802.7300000000046 6.624844872913561e-14 8.610152500857804e-15
2802.7800000000047 6.624844872913561e-14 8.610152500857804e-15
2802.830000000005 6.624844872916792e-14 8.610152500857804e-15
2802.880000000005 6.624844872913561e-14 8.610152500857804e-15
2802.9300000000053 9.795121649074113e-14 1.0199964507871832e-14
2802.9800000000055 1.1700758372478925e-13 1.1046028420465795e-14
2803.0300000000057 1.1700758372478925e-13 1.10460284204593e-14
2803.080000000006 1.1700758372478925e-13 1.1046028420465795e-14
2803.130000000006 1.1700758372478925e-13 1.10460284204593e-14
2803.180000000006 1.1700758372478925e-13 1.1046028420465795e-14
2803.2300000000064 1.1700758372478925e-13 1.10460284204593e-14
2803.2800000000066 1.1700758372478925e-13 1.1046028420465795e-14
2803.3300000000067 2.2906824881181246e-13 1.529083873543561e-14
2803.380000000007 2.531788677259897e-13 1.6058119741763313e-14
2803.430000000007 2.531788677259897e-13 1.6058119741763313e-14
2803.4800000000073 2.531788677259897e-13 1.6058119741763313e-14
2803.5300000000075 2.531788677259897e-13 1.6058119741763313e-14
2803.5800000000077 2.531788677259897e-13 1.605811974176778e-14
2803.630000000008 2.531788677259897e-13 1.6058119741763313e-14
2803.680000000008 2.5281095344282194e-13 1.604536888344753e-14
2803.730000000008 2.359058830174041e-13 1.5448139816361032e-14
2803.7800000000084 2.359058830173718e-13 1.5448139816361032e-14
2803.8300000000086 2.359058830174041e-13 1.5448139816361032e-14
2803.8800000000087 2.359058830174041e-13 1.5448139816361032e-14
2803.930000000009 2.359058830173718e-13 1.5448139816361032e-14
2803.980000000009 2.359058830174041e-13 1.5448139816361032e-14
2804.0300000000093 2.359058830174041e-13 1.5448139816356387e-14
2804.0800000000095 2.0731837856458711e-13 1.4477444906230393e-14
2804.1300000000097 1.0575672674271006e-13 1.0314872690360266e-14
2804.18000000001 1.0575672674267775e-13 1.031487269036722e-14
2804.23000000001 1.0575672674271006e-13 1.0314872690360266e-14
2804.28000000001 1.0575672674271006e-13 1.0314872690360266e-14
2804.3300000000104 1.0575672674267775e-13 1.0314872690360266e-14
2804.3800000000106 1.0575672674271006e-13 1.031487269036722e-14
2804.4300000000108 1.0575672674267775e-13 1.0314872690360266e-14
2804.480000000011 8.650458387059546e-14 9.517322561968796e-15
2804.530000000011 5.96987822962355e-14 8.279874768824357e-15
2804.5800000000113 5.96987822962355e-14 8.279874768824357e-15
2804.6300000000115 5.96987822962355e-14 8.279874768824357e-15
2804.6800000000117 5.96987822962355e-14 8.279874768824357e-15
2804.730000000012 5.96987822962355e-14 8.279874768824357e-15
2804.780000000012 5.96987822962355e-14 8.279874768824357e-15
2804.830000000012 5.96987822962355e-14 8.279874768824357e-15
2804.8800000000124 4.834129359748953e-14 7.413394013463533e-15
2804.9300000000126 4.1271342581008567e-14 6.818637039266268e-15
2804.9800000000128 4.1271342580976255e-14 6.818637039255746e-15
2805.030000000013 4.1271342580976255e-14 6.818637039266268e-15
2805.080000000013 4.1271342580976255e-14 6.818637039255746e-15
2805.1300000000133 4.1271342581008567e-14 6.818637039255746e-15
2805.1800000000135 4.1271342580976255e-14 6.818637039266268e-15
2805.2300000000137 4.1271342580976255e-14 6.818637039255746e-15
2805.280000000014 3.974905892513699e-14 6.8789832532130405e-15
2805.330000000014 3.9402747836462683e-14 6.892637913406534e-15
2805.380000000014 3.9402747836494995e-14 6.8926379133961246e-15
2805.4300000000144 3.9402747836494995e-14 6.892637913406534e-15
2805.4800000000146 3.940274783650967e-14 6.892637913909906e-15
2805.53 3.0370899130365945e-14 6.016115033291396e-16
2815.53 2.61581705662067e-14 4.029441715319951e-16
2825.53 2.820716860448653e-14 4.2063220934359204e-16
2835.53 2.7999573626813497e-14 4.2482083040241626e-16
2845.53 2.218365979233185e-14 3.8982805483225856e-16
2855.53 1.5278224079166322e-14 3.4208000584428176e-16
2865.53 3.009923461556386e-14 4.574580526387732e-16
2875.53 3.647004931702946e-14 5.009982309355265e-16
2885.53 4.5047538372223794e-14 5.587822077863754e-16
2895.53 5.505962434613028e-14 6.179371382675588e-16
2905.53 6.293582135122245e-14 6.64133123500118e-16
2915.53 7.309196372303537e-14 7.224979974737182e-16
2925.53 7.479602755357983e-14 7.442643824717168e-16
2935.53 7.509883656133435e-14 7.575645251509297e-16
2945.53 6.696607476006809e-14 7.315939208238611e-16
2955.53 7.206204501829133e-14 7.71174921302801e-16
2965.53 6.76942868514495e-14 7.644629037000522e-16
2975.53 7.606655850186432e-14 8.240204687308503e-16
2985.53 7.119811683293609e-14 8.138994106584093e-16
2995.53 8.26971164768628e-14 8.877044156613014e-16
3005.53 6.769626779669966e-14 8.33106802820323e-16
3015.53 8.271233630478376e-14 9.35018119871644e-16
3025.53 7.496518826152452e-14 9.168999664664348e-16
3035.53 1.0935287709837491e-13 1.1127754037710612e-15
3045.53 1.0007860264724949e-13 1.0980365326912284e-15
3055.53 1.1046553264431001e-13 1.1841432288043292e-15
3065.53 1.1540826922728876e-13 1.240793627523543e-15
3075.53 1.5584636799601675e-13 1.4689576077860524e-15
3085.53 1.3484171460941496e-13 1.4236592074377645e-15
3095.53 1.0085806191458802e-13 1.2834407485901532e-15
3105.53 1.8168610323551154e-13 1.7537593288508015e-15
3115.53 2.2729989280742692e-13 1.999890939192772e-15
3125.53 1.9612836819956708e-13 1.9302748622366222e-15
3135.53 2.223030941406485e-13 2.1425595436788776e-15
3145.53 2.4691098257505354e-13 2.3206896030362837e-15
3155.53 2.4470987582999133e-13 2.4146036144158524e-15
3165.53 2.5048299597398213e-13 2.5613958483040115e-15
3175.53 3.3735266054025014e-13 3.0458880249288296e-15
3185.53 2.3037705463582614e-13 5.006206541011612e-15
3195.53 1.314419282884801e-13 7.24330558972475e-15
3205.53 2.035003942391179e-13 7.670713822249684e-15
3215.53 1.5169395656837232e-13 7.091143901739314e-15
3225.53 1.7335520382314143e-13 7.219676150615204e-15
3235.53 1.4059807518063489e-13 6.785526039223525e-15
3245.53 1.6165131157199312e-13 6.8265747197946855e-15
3255.53 2.167618549656488e-13 7.198035327596392e-15
3265.53 2.899634112290963e-13 7.701715336754989e-15
3275.53 2.4304642346981857e-13 7.230594463666004e-15
3285.53 3.3515427885786444e-13 7.932530712961125e-15
3295.53 3.9021350293844206e-13 8.272107905173148e-15
3305.53 3.574751285369792e-13 7.919618053795156e-15
3315.53 3.368489429260219e-13 7.738968801911293e-15
3325.53 3.3970569393774416e-13 7.694655777744253e-15
3335.53 3.6434816183130097e-13 7.779283757934248e-15
3345.53 4.2878031711475304e-13 8.142662050270607e-15
3355.53 4.2228600300679983e-13 7.977119444283921e-15
3365.53 3.2071121815840526e-13 7.164463712152963e-15
3375.53 3.5400888545664244e-13 7.398339578957566e-15
3385.53 3.728090489890679e-13 7.402340424698036e-15
3395.53 5.082472211389252e-13 8.214446836223876e-15
3405.53 5.126691085458429e-13 8.194704058745144e-15
3415.53 3.9965203783972287e-13 7.369191161872186e-15
3425.53 5.510004947670576e-13 8.296024865981436e-15
3435.53 4.452693991630495e-13 7.567384566712618e-15
3445.53 2.8329006019470593e-13 6.3584642691879486e-15
3455.53 4.778013631257113e-13 7.699117967160434e-15
3465.53 4.298851343199268e-13 7.306052030168128e-15
3475.53 4.013705960519317e-13 7.057998840649845e-15
3485.53 5.864436180608006e-13 8.209673163009053e-15
3495.53 3.9187633494188115e-13 6.9848934876313425e-15
3505.53 6.796483448775762e-13 8.738441905999111e-15
3515.53 5.24764885882254e-13 7.747735747320289e-15
3525.53 4.411785973827719e-13 7.123777995325507e-15
3535.53 7.088397243445042e-13 8.679556924098057e-15
3545.53 7.840177370966841e-13 9.084167051958828e-15
3555.53 6.234992833661469e-13 8.118930847370347e-15
3565.53 4.1241770183265566e-13 6.834839643448037e-15
3575.53 3.298181578628588e-13 6.206599207497676e-15
3585.53 3.038610104422798e-13 6.00958262330165e-15
3595.53 5.144330715320539e-13 7.327074774912625e-15
3605.53 4.563219701694585e-13 6.9596252113384184e-15
3615.53 4.4124195179284856e-13 6.822968436677608e-15
3625.53 5.780607106999328e-13 7.594240376901054e-15
3635.53 4.920558240986993e-13 7.12623097673566e-15
3645.53 5.076305886089498e-13 7.105699313278935e-15
3655.53 6.957518131636201e-13 8.096417416501166e-15
3665.53 8.340458119290443e-13 8.739532685915789e-15
3675.53 7.505717693433764e-13 8.24486860120389e-15
3685.53 5.408870929231866e-13 7.0634598081460465e-15
3695.53 7.764612842910468e-13 8.269301441268307e-15
3705.53 5.700586608407786e-13 7.1286609778306e-15
3715.53 6.132128358645089e-13 7.268977161572081e-15
3725.53 3.415974340436768e-13 5.595291572220367e-15
3735.53 3.015817237837757e-13 5.351646786199949e-15
3745.53 3.0118393653387994e-13 5.235654486063232e-15
3755.53 4.4985750271147173e-13 6.070205101118089e-15
3765.53 5.001428420739841e-13 6.269176475897741e-15
3775.53 8.308303071223202e-13 7.820193483230057e-15
3785.53 7.405971153984954e-13 7.338646763054921e-15
3795.53 5.819232926228106e-13 6.481257524498322e-15
3805.53 6.651559620079919e-13 6.807414044334842e-15
