reference_uv_spectra/lya_masked/K5-4420-hd85512-muscles.spec
# %ECSV 0.9
# ---
# datatype:
# - {name: w, datatype: float64}
# - {name: f, datatype: float64}
# - {name: e, datatype: float64}
# meta: !!omap
# - {distance: 10}
# - {w0: 1170.0}
# - {filename: K5-4420-hd85512-muscles.spec}
# schema: astropy-2.0
w f e
1170.0 1.160556361273882e-16 3.4127646832896833e-17
1172.93 9.167464367483502e-17 3.372378365752804e-17
1172.98 9.114760793642751e-17 1.840768175606025e-16
1173.03 3.214963681576367e-17 1.7821606809712053e-16
1173.08 2.2092524203101354e-17 1.7712041907045323e-16
1173.1299999999999 9.176331824899676e-17 1.836121851287391e-16
1173.1799999999998 1.1765598111767142e-16 1.849530381215325e-16
1173.2299999999998 6.817850815632579e-17 1.8148293567727358e-16
1173.2799999999997 6.420173261226019e-17 1.8103346523801215e-16
1173.3299999999997 3.6466141329676815e-17 1.7798847987215226e-16
1173.3799999999997 1.188548058510174e-17 1.7591087273294214e-16
1173.4299999999996 1.0634140460810368e-16 1.828950124689778e-16
1173.4799999999996 1e-20 1.7354160567752735e-16
1173.5299999999995 3.0349430550282004e-17 1.770641418067253e-16
1173.5799999999995 4.8661266311860425e-17 1.7850984334306997e-16
1173.6299999999994 3.558896887742075e-17 1.7768681497922825e-16
1173.6799999999994 3.417853285064657e-17 1.7756595367021038e-16
1173.7299999999993 3.558524437958264e-18 1.7474033079531514e-16
1173.7799999999993 1.2287197204418186e-17 1.754998544541613e-16
1173.8299999999992 1e-20 1.7371975598873643e-16
1173.8799999999992 1e-20 1.7345904247472698e-16
1173.9299999999992 1e-20 1.7356649140193174e-16
1173.979999999999 2.0867861005060153e-17 1.7604404056023685e-16
1174.029999999999 8.313845408051751e-17 1.8079209610011933e-16
1174.079999999999 8.287806230409435e-17 1.8114321220920214e-16
1174.129999999999 3.0661002440084326e-17 1.7668055069359004e-16
1174.179999999999 5.37773973977675e-17 1.7840160125299844e-16
1174.2299999999989 8.46178432850764e-17 1.8060251150595616e-16
1174.2799999999988 4.242708848615007e-17 1.773115528560852e-16
1174.3299999999988 3.5952226491466456e-17 1.7669722627401043e-16
1174.3799999999987 8.426003090370549e-17 1.8084762994742045e-16
1174.4299999999987 8.841349492078735e-18 1.7455465566976711e-16
1174.4799999999987 3.950457537753835e-17 1.7727539245561406e-16
1174.5299999999986 3.633445151649733e-17 1.7702578493752974e-16
1174.5799999999986 1.003524760789399e-16 1.8221366622319661e-16
1174.6299999999985 1.0888851589374996e-16 1.832778246587839e-16
1174.6799999999985 1.60876303035033e-16 1.8681698340589172e-16
1174.7299999999984 5.58270154790956e-17 1.7833144558321331e-16
1174.7799999999984 1.5553910531317075e-16 1.8619247029733693e-16
1174.8299999999983 2.567478956494626e-16 1.938566211832713e-16
1174.8799999999983 5.707705113147591e-16 2.157370875040622e-16
1174.9299999999982 6.118433287963354e-16 2.1924175142042743e-16
1174.9799999999982 9.923316664207507e-16 2.4291744305165095e-16
1175.0299999999982 1.0589013743822884e-15 2.4646712628731525e-16
1175.079999999998 7.060824614747904e-16 2.2465187950170735e-16
1175.129999999998 5.341081570055625e-16 2.1375077454212924e-16
1175.179999999998 4.751732307930909e-16 2.0942235715220536e-16
1175.229999999998 7.671309235650776e-16 2.288604314147667e-16
1175.279999999998 7.714782672069797e-16 2.2923624603226753e-16
1175.3299999999979 7.965346448137345e-16 2.3064361977404803e-16
1175.3799999999978 8.739153634578145e-16 2.35816055561436e-16
1175.4299999999978 6.083060900823734e-16 2.1907195657144225e-16
1175.4799999999977 7.420566232104799e-16 2.2894365568816006e-16
1175.5299999999977 6.59768655530716e-16 2.230873068662167e-16
1175.5799999999977 7.694168137407328e-16 2.294418862742103e-16
1175.6299999999976 1.688338677946329e-15 2.7923658413095375e-16
1175.6799999999976 2.2258056690214016e-15 3.030829173102435e-16
1175.7299999999975 3.1355035667635198e-15 3.389378228000147e-16
1175.7799999999975 3.1641040950471892e-15 3.400694571253908e-16
1175.8299999999974 2.39151835317701e-15 3.0859845039639384e-16
1175.8799999999974 1.8498384006313423e-15 2.8568369774176917e-16
1175.9299999999973 1.2369924713759446e-15 2.5585353757141095e-16
1175.9799999999973 1.2042687132469442e-15 2.538713768514275e-16
1176.0299999999972 9.917192135556917e-16 2.4175312504914846e-16
1176.0799999999972 9.669558149554246e-16 2.4015843697763995e-16
1176.1299999999972 7.130265494557875e-16 2.256328221073771e-16
1176.179999999997 3.9368939614964324e-16 2.040410888994975e-16
1176.229999999997 3.8877108784521565e-16 2.0448088477023372e-16
1176.279999999997 4.202577755752466e-16 2.061301946442643e-16
1176.329999999997 4.760220640014927e-16 2.108774958693656e-16
1176.379999999997 6.70449661977245e-16 2.2323400763618263e-16
1176.4299999999969 1.1327555054117496e-15 2.5092827677059833e-16
1176.4799999999968 8.385714323433493e-16 2.3229848941964965e-16
1176.5299999999968 6.131426390508427e-16 2.184327935775011e-16
1176.5799999999967 4.654771059655222e-16 2.0822059115620981e-16
1176.6299999999967 3.1484797439351225e-16 1.9798816559545832e-16
1176.6799999999967 1.5382973001401342e-16 1.8591119729723864e-16
1176.7299999999966 1.1342552405391327e-16 1.8286012117635646e-16
1176.7799999999966 8.801727236320952e-17 1.809140047491851e-16
1176.8299999999965 1.0851387361077617e-16 1.827691478151458e-16
1176.8799999999965 4.7150480532144606e-17 1.7771335658443908e-16
1176.9299999999964 2.065512079034142e-17 1.7541300932818313e-16
1176.9799999999964 6.43623722686155e-17 1.7892467970160612e-16
1177.0299999999963 3.063651971350763e-17 1.7612369095760315e-16
1177.0799999999963 4.443578550182008e-18 1.7420059931951928e-16
1177.1299999999962 3.714648039560668e-18 1.7429499990541953e-16
1177.1799999999962 4.07902702452098e-17 1.7732788178827428e-16
1177.2299999999962 9.276077358271351e-17 1.811618079627731e-16
1177.279999999996 1e-20 1.7276762427518844e-16
1177.329999999996 1e-20 1.7401485869604495e-16
1177.379999999996 5.554624944673758e-17 1.7882073481459694e-16
1177.429999999996 1e-20 1.7152600142421505e-16
1177.479999999996 1e-20 1.7427729806833727e-16
1177.5299999999959 1.184285388454124e-16 1.8409838234016147e-16
1177.5799999999958 2.569772190723257e-17 1.769633481931156e-16
1177.6299999999958 5.833354785671233e-17 1.7998129388737688e-16
1177.6799999999957 1.9010238511632177e-17 1.7685875584543336e-16
1177.7299999999957 5.62722093293738e-17 1.7944778075578973e-16
1177.7799999999957 1e-20 1.7487429288908805e-16
1177.8299999999956 8.461480872372382e-17 1.82178562125174e-16
1177.8799999999956 1e-20 1.7395315116877693e-16
1177.9299999999955 5.057170451202238e-17 1.7967405814527042e-16
1177.9799999999955 7.475186154256914e-17 1.8187964337989062e-16
1178.0299999999954 8.06656355409509e-17 1.8229251057805256e-16
1178.0799999999954 1.5850984665829242e-17 1.762691611064806e-16
1178.1299999999953 1.1683699523870582e-16 1.8523355621977204e-16
1178.1799999999953 9.839509713844618e-17 1.8349989332818921e-16
1178.2299999999952 1.2593779365990004e-16 1.8571340795519357e-16
1178.2799999999952 1e-20 1.7375139471826743e-16
1178.3299999999952 3.564556366276462e-17 1.8822203162096883e-16
1178.37 5.106888448213374e-17 1.802176303250488e-17
1188.37 8.92326269495794e-17 1.2363696824921294e-17
1198.37 1.497885478801138e-16 1.0519062860955375e-17
1204.51 1.1320362361995441e-16 1.8492133610099787e-17
1204.56 2.1197256582033256e-16 1.5933995911941252e-16
1204.61 7.685725942384327e-18 1.4331775979486277e-16
1204.6599999999999 1.0568669005976237e-16 1.515330336832483e-16
1204.7099999999998 1.178787516881955e-16 1.5216081462312088e-16
1204.7599999999998 7.203400336025362e-17 1.4832408584718513e-16
1204.8099999999997 6.668055978147512e-17 1.4820195138980678e-16
1204.8599999999997 1.05791516501982e-16 1.5096600857812172e-16
1204.9099999999996 1.0214638830866627e-16 1.5086641352611272e-16
1204.9599999999996 8.852014056178324e-17 1.496569777675372e-16
1205.0099999999995 3.2751167337333943e-17 1.4515115359151946e-16
1205.0599999999995 9.54859505617139e-17 1.496625818966146e-16
1205.1099999999994 1.4082580782877677e-16 1.5333654869762964e-16
1205.1599999999994 1.422482478359879e-16 1.5370177098775196e-16
1205.2099999999994 1.2383764894972894e-16 1.520417452253355e-16
1205.2599999999993 9.093164438285075e-17 1.4971595141656875e-16
1205.3099999999993 7.629614657672608e-17 1.4859721704026266e-16
1205.3599999999992 9.863096699339286e-17 1.5025037011475607e-16
1205.4099999999992 8.185758533107147e-17 1.4884695901610738e-16
1205.4599999999991 2.4334361231485993e-16 1.605793591306233e-16
1205.509999999999 1.1909528432484692e-16 1.5097583361276717e-16
1205.559999999999 1.5494344062902095e-16 1.5472220204534258e-16
1205.609999999999 1.719508399284355e-16 1.554449430979204e-16
1205.659999999999 1.3238054170943978e-16 1.531199080405838e-16
1205.709999999999 1.435869234495235e-16 1.540086262521934e-16
1205.7599999999989 1.172393416431167e-16 1.5234283416584658e-16
1205.8099999999988 1.8765152147463228e-16 1.5872389297214808e-16
1205.8599999999988 1.3934731436100312e-16 1.5488477632086647e-16
1205.9099999999987 2.377915922135752e-16 1.605113095040884e-16
1205.9599999999987 4.9221035305516615e-17 1.4655091053849343e-16
1206.0099999999986 2.022610364520612e-16 1.5739537280404215e-16
1206.0599999999986 1.0523079513182729e-16 1.50741853436979e-16
1206.1099999999985 1.9347404242580874e-16 1.5660171992927015e-16
1206.1599999999985 3.1171738171693317e-16 1.6579717953322668e-16
1206.2099999999984 3.3537931840134543e-16 1.6713652397735228e-16
1206.2599999999984 4.143700886710562e-16 1.7239019468407397e-16
1206.3099999999984 7.652173050174617e-16 1.9415232655059967e-16
1206.3599999999983 1.4828203769893207e-15 2.309354881670238e-16
1206.4099999999983 2.6082557491367115e-15 2.7712099610107797e-16
1206.4599999999982 4.770024035745924e-15 3.453613211905918e-16
1206.5099999999982 8.111635826729162e-15 4.282990383483036e-16
1206.5599999999981 8.587033822306767e-15 4.434220410317728e-16
1206.609999999998 7.788264878804842e-15 4.285660226134452e-16
1206.659999999998 4.97282367253125e-15 3.590413389378091e-16
1206.709999999998 2.157151695857673e-15 2.6628412744069344e-16
1206.759999999998 1.4431102876475147e-15 2.3298836569744974e-16
1206.809999999998 8.198167117822568e-16 1.9913388152172916e-16
1206.8599999999979 3.403800724683801e-16 1.6760114765584277e-16
1206.9099999999978 2.3742363528468753e-16 1.600392910771751e-16
1206.9599999999978 1.4776418441068417e-16 1.5294004810892545e-16
1207.0099999999977 2.0587036318698422e-16 1.5739730799414012e-16
1207.0599999999977 1.9489296608694929e-16 1.5574870079680617e-16
1207.1099999999976 2.223820173232468e-16 1.5836138475675146e-16
1207.1599999999976 1.7465475586687153e-16 1.5392628291713323e-16
1207.2099999999975 1.823788434265068e-16 1.5460180106540996e-16
1207.2599999999975 1.2352468881507126e-16 1.5025096507965804e-16
1207.3099999999974 1.7988382061683998e-16 1.5464423797973717e-16
1207.3599999999974 2.044811455772974e-16 1.5604354247008664e-16
1207.4099999999974 6.355855131792131e-17 1.4538010257409424e-16
1207.4599999999973 1.4431659621210859e-16 1.518132006353613e-16
1207.5099999999973 2.1135785569426148e-16 1.566229339932946e-16
1207.5599999999972 1.3442581004202589e-16 1.5097220974237088e-16
1207.6099999999972 2.1307021106911086e-16 1.5665043199842874e-16
1207.6599999999971 1.8469537814299566e-16 1.5453467896272457e-16
1207.709999999997 1.8526039722702743e-16 1.5439838175858602e-16
1207.759999999997 2.5078039220145365e-16 1.5910200379867801e-16
1207.809999999997 2.445675101569741e-16 1.5836915079607455e-16
1207.859999999997 1.1953228066674521e-16 1.4962510536966098e-16
1207.909999999997 2.2976685095810302e-17 1.4223413903213794e-16
1207.9599999999969 7.091287838977757e-17 1.4563765141151403e-16
1208.0099999999968 1.3148024900692815e-16 1.5049116533096678e-16
1208.0599999999968 1.1673605469445528e-16 1.4935209813723606e-16
1208.1099999999967 2.3268129033361784e-16 1.5749871245323554e-16
1208.1599999999967 1.5610717902448186e-16 1.5178602988960577e-16
1208.2099999999966 1.8981260041231568e-16 1.5442966621610838e-16
1208.2599999999966 2.6675056319320915e-16 1.598630301846284e-16
1208.3099999999965 5.721683354411478e-17 1.4461680406418915e-16
1208.3599999999965 1.3757788843528825e-16 1.5021772635172257e-16
1208.4099999999964 1.8520442752914096e-16 1.536837926342926e-16
1208.4599999999964 1.1885435307436026e-16 1.4895330027816175e-16
1208.51 2.33753797823498e-16 2.786464049975367e-17
1211.67 4.0757051476907536e-16 3.0211037010118506e-17
1211.72 nan nan
1211.77 nan nan
1211.82 nan nan
1211.87 nan nan
1211.9199999999998 nan nan
1211.9699999999998 nan nan
1212.0199999999998 nan nan
1212.0699999999997 nan nan
1212.1199999999997 nan nan
1212.1699999999996 nan nan
1212.2199999999996 nan nan
1212.2699999999995 nan nan
1212.3199999999995 nan nan
1212.3699999999994 nan nan
1212.4199999999994 nan nan
1212.4699999999993 nan nan
1212.5199999999993 nan nan
1212.5699999999993 nan nan
1212.6199999999992 nan nan
1212.6699999999992 nan nan
1212.7199999999991 nan nan
1212.769999999999 nan nan
1212.819999999999 nan nan
1212.869999999999 nan nan
1212.919999999999 nan nan
1212.969999999999 nan nan
1213.0199999999988 nan nan
1213.0699999999988 nan nan
1213.1199999999988 nan nan
1213.1699999999987 nan nan
1213.2199999999987 nan nan
1213.2699999999986 nan nan
1213.3199999999986 nan nan
1213.3699999999985 nan nan
1213.4199999999985 nan nan
1213.4699999999984 nan nan
1213.5199999999984 nan nan
1213.5699999999983 nan nan
1213.6199999999983 nan nan
1213.6699999999983 nan nan
1213.7199999999982 nan nan
1213.7699999999982 nan nan
1213.8199999999981 nan nan
1213.869999999998 nan nan
1213.919999999998 nan nan
1213.969999999998 nan nan
1214.019999999998 nan nan
1214.069999999998 nan nan
1214.1199999999978 nan nan
1214.1699999999978 nan nan
1214.2199999999978 nan nan
1214.2699999999977 nan nan
1214.3199999999977 nan nan
1214.3699999999976 nan nan
1214.4199999999976 nan nan
1214.4699999999975 nan nan
1214.5199999999975 nan nan
1214.5699999999974 nan nan
1214.6199999999974 nan nan
1214.6699999999973 nan nan
1214.7199999999973 nan nan
1214.7699999999973 nan nan
1214.8199999999972 nan nan
1214.8699999999972 nan nan
1214.9199999999971 nan nan
1214.969999999997 nan nan
1215.019999999997 nan nan
1215.069999999997 nan nan
1215.119999999997 nan nan
1215.169999999997 nan nan
1215.2199999999968 nan nan
1215.2699999999968 nan nan
1215.3199999999968 nan nan
1215.3699999999967 nan nan
1215.4199999999967 nan nan
1215.4699999999966 nan nan
1215.5199999999966 nan nan
1215.5699999999965 nan nan
1215.6199999999965 nan nan
1215.6699999999964 nan nan
1215.7199999999964 nan nan
1215.7699999999963 nan nan
1215.8199999999963 nan nan
1215.8699999999963 nan nan
1215.9199999999962 nan nan
1215.9699999999962 nan nan
1216.0199999999961 nan nan
1216.069999999996 nan nan
1216.119999999996 nan nan
1216.169999999996 nan nan
1216.219999999996 nan nan
1216.269999999996 nan nan
1216.3199999999958 nan nan
1216.3699999999958 nan nan
1216.4199999999958 nan nan
1216.4699999999957 nan nan
1216.5199999999957 nan nan
1216.5699999999956 nan nan
1216.6199999999956 nan nan
1216.6699999999955 nan nan
1216.7199999999955 nan nan
1216.7699999999954 nan nan
1216.8199999999954 nan nan
1216.8699999999953 nan nan
1216.9199999999953 nan nan
1216.9699999999953 nan nan
1217.0199999999952 nan nan
1217.0699999999952 nan nan
1217.1199999999951 nan nan
1217.169999999995 nan nan
1217.219999999995 nan nan
1217.269999999995 nan nan
1217.319999999995 nan nan
1217.369999999995 nan nan
1217.4199999999948 nan nan
1217.4699999999948 nan nan
1217.5199999999948 nan nan
1217.5699999999947 nan nan
1217.6199999999947 nan nan
1217.6699999999946 nan nan
1217.7199999999946 nan nan
1217.7699999999945 nan nan
1217.8199999999945 nan nan
1217.8699999999944 nan nan
1217.9199999999944 nan nan
1217.9699999999943 nan nan
1218.0199999999943 nan nan
1218.0699999999943 nan nan
1218.1199999999942 nan nan
1218.1699999999942 nan nan
1218.2199999999941 nan nan
1218.269999999994 nan nan
1218.319999999994 nan nan
1218.369999999994 nan nan
1218.419999999994 nan nan
1218.469999999994 nan nan
1218.5199999999938 nan nan
1218.5699999999938 nan nan
1218.6199999999938 nan nan
1218.6699999999937 nan nan
1218.7199999999937 nan nan
1218.7699999999936 nan nan
1218.8199999999936 nan nan
1218.8699999999935 nan nan
1218.9199999999935 nan nan
1218.9699999999934 nan nan
