reference_uv_spectra/lya_masked/M1.5-3472-gj832-muscles.spec
# %ECSV 0.9
# ---
# datatype:
# - {name: w, datatype: float64}
# - {name: f, datatype: float64}
# - {name: e, datatype: float64}
# meta: !!omap
# - {distance: 10}
# - {w0: 1170.0}
# - {filename: M1.5-3472-gj832-muscles.spec}
# schema: astropy-2.0
w f e
[from data line 3832]
24055.53 6.114844076766002e-14 0.0
24065.53 6.251280432242783e-14 0.0
24075.53 6.181601849236878e-14 0.0
24085.53 6.041290701449438e-14 0.0
24095.53 6.184184583685378e-14 0.0
24105.53 6.061973423146929e-14 0.0
24115.53 6.185858384448972e-14 0.0
24125.53 6.106695526954121e-14 0.0
24135.53 5.912126952742528e-14 0.0
24145.53 5.435851209981452e-14 0.0
24155.53 5.825166719116686e-14 0.0
24165.53 5.682308753426903e-14 0.0
24175.53 5.874717936352741e-14 0.0
24185.53 5.968267558988852e-14 0.0
24195.53 5.734935115001577e-14 0.0
24205.53 6.080065488363116e-14 0.0
24215.53 5.851072002511149e-14 0.0
24225.53 5.87743815019601e-14 0.0
24235.53 5.849298939949971e-14 0.0
24245.53 6.059860012705572e-14 0.0
24255.53 5.79612127047105e-14 0.0
24265.53 5.859752179284398e-14 0.0
24275.53 5.891790722577605e-14 0.0
24285.53 5.715101759876742e-14 0.0
24295.53 6.047961392453929e-14 0.0
24305.53 5.881354971156545e-14 0.0
24315.53 5.780598681644233e-14 0.0
24325.53 5.963874313585513e-14 0.0
24335.53 5.705619131080168e-14 0.0
24345.53 5.833008248262802e-14 0.0
24355.53 5.942116347279206e-14 0.0
24365.53 5.71459918987605e-14 0.0
24375.53 5.6317367483807296e-14 0.0
24385.53 5.929609253316385e-14 0.0
24395.53 5.890422009772276e-14 0.0
24405.53 5.78544187381947e-14 0.0
24415.53 5.714380260694701e-14 0.0
24425.53 5.752717535462126e-14 0.0
24435.53 5.858173817875417e-14 0.0
24445.53 5.5040621844201366e-14 0.0
24455.53 5.788209927810631e-14 0.0
24465.53 5.3813958651770985e-14 0.0
24475.53 5.2761620913376464e-14 0.0
24485.53 5.5713880767118124e-14 0.0
24495.53 5.585419207377387e-14 0.0
24505.53 5.5349657570908814e-14 0.0
24515.53 5.520338319978456e-14 0.0
24525.53 5.51067883851108e-14 0.0
24535.53 5.520830837459959e-14 0.0
24545.53 5.237107224459999e-14 0.0
24555.53 5.632087049204096e-14 0.0
24565.53 5.516713092723903e-14 0.0
24575.53 5.5632731275885257e-14 0.0
24585.53 5.6841347465641025e-14 0.0
24595.53 5.439378184243081e-14 0.0
24605.53 5.4162802142792154e-14 0.0
24615.53 5.314688087246019e-14 0.0
24625.53 5.600872113318262e-14 0.0
24635.53 5.635011394232252e-14 0.0
24645.53 5.5650873167673946e-14 0.0
24655.53 5.465096088076015e-14 0.0
24665.53 5.572203396654531e-14 0.0
24675.53 5.329216776521263e-14 0.0
24685.53 5.375483218285101e-14 0.0
24695.53 5.535174489550645e-14 0.0
24705.53 5.503482606733374e-14 0.0
24715.53 5.463993602308588e-14 0.0
24725.53 5.5142807553858376e-14 0.0
24735.53 5.2460167754392587e-14 0.0
24745.53 5.30104595192025e-14 0.0
24755.53 5.28393249654166e-14 0.0
24765.53 5.4963018285258515e-14 0.0
24775.53 5.515419259409549e-14 0.0
24785.53 5.175240072128153e-14 0.0
24795.53 5.13012506422189e-14 0.0
24805.53 5.1073239305850985e-14 0.0
24815.53 5.145664850522416e-14 0.0
24825.53 5.056268287783396e-14 0.0
24835.53 5.263183914186131e-14 0.0
24845.53 5.13779114514235e-14 0.0
24855.53 4.742070170622591e-14 0.0
24865.53 4.515816118602102e-14 0.0
24875.53 4.684587856734918e-14 0.0
24885.53 4.6205976021511755e-14 0.0
24895.53 4.610559662127801e-14 0.0
24905.53 4.630578924854537e-14 0.0
24915.53 4.6718640555302227e-14 0.0
24925.53 4.764585053784468e-14 0.0
24935.53 4.7491408907952516e-14 0.0
24945.53 4.679081882834781e-14 0.0
24955.53 4.787792354583903e-14 0.0
24965.53 4.748252389224211e-14 0.0
24975.53 4.718582451112182e-14 0.0
24985.53 4.629974538267581e-14 0.0
24995.53 4.6948169929973416e-14 0.0
25005.53 4.6438282664519446e-14 0.0
25015.53 4.8459741511083756e-14 0.0
25025.53 4.726322372047101e-14 0.0
25035.53 4.666916547500403e-14 0.0
25045.53 4.66974070667097e-14 0.0
25055.53 4.538958274635231e-14 0.0
25065.53 4.653385321800207e-14 0.0
25075.53 4.6947488838638744e-14 0.0
25085.53 4.800534313966415e-14 0.0
25095.53 4.847489231786017e-14 0.0
25105.53 4.7507820166342485e-14 0.0
25115.53 4.618111544933076e-14 0.0
25125.53 4.564046647559277e-14 0.0
25135.53 4.6550170025021944e-14 0.0
25145.53 4.5620140003694083e-14 0.0
25155.53 4.522786988156933e-14 0.0
25165.53 4.783060070826556e-14 0.0
25175.53 4.713499645558439e-14 0.0
25185.53 4.735202706130314e-14 0.0
25195.53 4.545074776367618e-14 0.0
25205.53 4.6381702710902607e-14 0.0
25215.53 4.7602453540817415e-14 0.0
25225.53 4.7421480989110526e-14 0.0
25235.53 4.5273844166921025e-14 0.0
25245.53 4.242981858651279e-14 0.0
25255.53 4.409140033281078e-14 0.0
25265.53 4.4897650285691016e-14 0.0
25275.53 4.3237405771317245e-14 0.0
25285.53 4.5595679003010493e-14 0.0
25295.53 4.5176638478951303e-14 0.0
25305.53 4.7627881930964464e-14 0.0
25315.53 4.510979062725618e-14 0.0
25325.53 4.677409940969362e-14 0.0
25335.53 4.4142776066203416e-14 0.0
25345.53 4.755130659292634e-14 0.0
25355.53 4.4888338080411465e-14 0.0
25365.53 4.4536156231622994e-14 0.0
25375.53 4.523460565540084e-14 0.0
25385.53 4.7124814934683525e-14 0.0
25395.53 4.4587371887948154e-14 0.0
25405.53 4.5960945735125424e-14 0.0
25415.53 4.622016366431143e-14 0.0
25425.53 4.5376496740128175e-14 0.0
25435.53 4.461079123241135e-14 0.0
25445.53 4.6888124494164016e-14 0.0
25455.53 4.748101182039258e-14 0.0
25465.53 4.320170480439294e-14 0.0
25475.53 4.621566726865853e-14 0.0
25485.53 4.536531234636255e-14 0.0
25495.53 4.5832429019145676e-14 0.0
25505.53 4.597221794486642e-14 0.0
25515.53 4.5273819223206937e-14 0.0
25525.53 4.4296034810283394e-14 0.0
25535.53 4.643719974778563e-14 0.0
25545.53 4.5414926725116674e-14 0.0
25555.53 4.5659870794550476e-14 0.0
25565.53 4.5000352526379017e-14 0.0
25575.53 4.634335014083773e-14 0.0
25585.53 4.693391528992818e-14 0.0
25595.53 4.5540175094241805e-14 0.0
25605.53 4.490831138217095e-14 0.0
25615.53 4.572940942499084e-14 0.0
25625.53 4.41402104446825e-14 0.0
25635.53 4.6071325314529673e-14 0.0
25645.53 4.241476251276146e-14 0.0
25655.53 4.6400105648981216e-14 0.0
25665.53 4.566929034959284e-14 0.0
25675.53 4.5649806495399445e-14 0.0
25685.53 4.5470660627236056e-14 0.0
25695.53 4.374736768758811e-14 0.0
25705.53 4.662429161953679e-14 0.0
25715.53 4.7588255639571933e-14 0.0
25725.53 4.6539841287975055e-14 0.0
25735.53 4.460600120393644e-14 0.0
25745.53 4.51775632712602e-14 0.0
25755.53 4.41957960857613e-14 0.0
25765.53 4.404832146043083e-14 0.0
25775.53 4.409370508671279e-14 0.0
25785.53 4.478262027347378e-14 0.0
25795.53 4.5646104120673574e-14 0.0
25805.53 4.637152530630062e-14 0.0
25815.53 4.3383219784418724e-14 0.0
25825.53 4.501598579824182e-14 0.0
25835.53 4.5322704079118806e-14 0.0
25845.53 4.492865147004155e-14 0.0
25855.53 4.72784599539116e-14 0.0
25865.53 4.734145076398816e-14 0.0
25875.53 4.502094558767035e-14 0.0
25885.53 4.4800948209266454e-14 0.0
25895.53 4.5179810683182346e-14 0.0
25905.53 4.543662973912655e-14 0.0
25915.53 4.729448894674606e-14 0.0
25925.53 4.507611446281379e-14 0.0
25935.53 4.680557331461206e-14 0.0
25945.53 4.3517893199990156e-14 0.0
25955.53 4.571802674147401e-14 0.0
25965.53 4.623210470284811e-14 0.0
25975.53 4.460495747182358e-14 0.0
25985.53 4.522240206766979e-14 0.0
25995.53 4.5621986913209764e-14 0.0
26005.53 4.674507763554441e-14 0.0
26015.53 4.594905586780124e-14 0.0
26025.53 4.653602885753042e-14 0.0
26035.53 4.425590341544276e-14 0.0
26045.53 4.494625341397785e-14 0.0
26055.53 4.613307119909006e-14 0.0
26065.53 4.389850801070425e-14 0.0
26075.53 4.526015225991446e-14 0.0
26085.53 4.2011131925522e-14 0.0
26095.53 4.4815448067666025e-14 0.0
26105.53 4.70366775896362e-14 0.0
26115.53 4.658892997963598e-14 0.0
26125.53 4.5279937678103e-14 0.0
26135.53 4.641182165112973e-14 0.0
26145.53 4.5233879837252393e-14 0.0
26155.53 4.631469749471339e-14 0.0
26165.53 4.4960726480328255e-14 0.0
26175.53 4.443790004023991e-14 0.0
26185.53 4.3333072360965293e-14 0.0
26195.53 4.131586366334862e-14 0.0
26205.53 4.271880820806903e-14 0.0
26215.53 4.1829961319314074e-14 0.0
26225.53 4.109587126184231e-14 0.0
26235.53 4.3557071533459036e-14 0.0
26245.53 4.129416147527858e-14 0.0
26255.53 4.278426477911424e-14 0.0
26265.53 4.297867991665752e-14 0.0
26275.53 4.337445954327888e-14 0.0
26285.53 4.363133045343861e-14 0.0
26295.53 4.312726169544463e-14 0.0
26305.53 4.2095239781479954e-14 0.0
26315.53 4.345588759345601e-14 0.0
26325.53 4.3447957707234327e-14 0.0
26335.53 4.289208523805816e-14 0.0
26345.53 4.180810161041281e-14 0.0
26355.53 4.268645038837049e-14 0.0
26365.53 4.365595192501036e-14 0.0
26375.53 4.233721450685496e-14 0.0
26385.53 4.0915206283845876e-14 0.0
26395.53 4.061788061913753e-14 0.0
26405.53 4.144450860762615e-14 0.0
26415.53 4.134354571948227e-14 0.0
26425.53 4.180928007709528e-14 0.0
26435.53 4.279990897166365e-14 0.0
26445.53 4.313442831754785e-14 0.0
26455.53 4.1638269427189646e-14 0.0
26465.53 4.259554493377855e-14 0.0
26475.53 4.241497045306344e-14 0.0
26485.53 4.308443103490294e-14 0.0
26495.53 4.2436533854288763e-14 0.0
26505.53 4.29552608056247e-14 0.0
26515.53 3.86650795613749e-14 0.0
26525.53 3.9853789200613224e-14 0.0
26535.53 4.1378599815616564e-14 0.0
26545.53 4.001143997562997e-14 0.0
26555.53 4.115490972718235e-14 0.0
26565.53 3.8390494609168476e-14 0.0
26575.53 4.1906072952804814e-14 0.0
26585.53 4.103304928214118e-14 0.0
26595.53 4.2380184961581915e-14 0.0
26605.53 4.016945359648298e-14 0.0
26615.53 4.000236403149678e-14 0.0
26625.53 4.213056473956019e-14 0.0
26635.53 4.225791019757107e-14 0.0
26645.53 3.935312163534198e-14 0.0
26655.53 4.180763607920248e-14 0.0
26665.53 4.0911285823613246e-14 0.0
26675.53 4.1726084037215795e-14 0.0
26685.53 4.2160927290681565e-14 0.0
26695.53 4.150701070756814e-14 0.0
26705.53 4.002347414428114e-14 0.0
26715.53 4.0935362583268584e-14 0.0
26725.53 4.222978155572368e-14 0.0
26735.53 4.227490454202683e-14 0.0
26745.53 4.1698217283976346e-14 0.0
26755.53 3.8014013121623536e-14 0.0
26765.53 4.072233602181911e-14 0.0
26775.53 4.052034906212472e-14 0.0
26785.53 4.1992285641713404e-14 0.0
26795.53 3.954369021760077e-14 0.0
26805.53 4.172055186816829e-14 0.0
26815.53 3.882376021223663e-14 0.0
26825.53 4.147698643443981e-14 0.0
26835.53 4.0976028927309176e-14 0.0
26845.53 4.062918896236107e-14 0.0
26855.53 4.085476667083199e-14 0.0
26865.53 4.018980065947138e-14 0.0
26875.53 4.145450864261908e-14 0.0
26885.53 4.132283132824859e-14 0.0
26895.53 4.153515090421878e-14 0.0
26905.53 3.958953217688464e-14 0.0
26915.53 4.106802230183686e-14 0.0
26925.53 4.1081353753807287e-14 0.0
26935.53 3.889903958746663e-14 0.0
26945.53 3.884413352464372e-14 0.0
26955.53 3.959563158346556e-14 0.0
26965.53 3.85307292437915e-14 0.0
26975.53 4.069510147850321e-14 0.0
26985.53 4.049454518078323e-14 0.0
26995.53 4.1228675211344505e-14 0.0
27005.53 4.189270724207398e-14 0.0
27015.53 3.777708771631512e-14 0.0
27025.53 3.95832300064153e-14 0.0
27035.53 3.964878339853763e-14 0.0
27045.53 3.743820315048577e-14 0.0
27055.53 3.9859463078190084e-14 0.0
27065.53 3.98870691775541e-14 0.0
27075.53 3.93830938908039e-14 0.0
27085.53 4.026291279519214e-14 0.0
27095.53 4.079891632840029e-14 0.0
27105.53 3.993323729456709e-14 0.0
27115.53 3.831483179221486e-14 0.0
27125.53 3.8845210549039154e-14 0.0
27135.53 3.978140628722e-14 0.0
27145.53 3.9444462435503895e-14 0.0
27155.53 3.873417611547665e-14 0.0
27165.53 3.886092502737336e-14 0.0
27175.53 3.688059075056624e-14 0.0
27185.53 3.967757571055152e-14 0.0
27195.53 4.0638119830429914e-14 0.0
27205.53 3.8897111879114147e-14 0.0
27215.53 4.073540086396553e-14 0.0
27225.53 3.857921702844208e-14 0.0
27235.53 3.979023996801888e-14 0.0
27245.53 3.751208289070711e-14 0.0
27255.53 3.899276977360503e-14 0.0
27265.53 4.011139197602526e-14 0.0
27275.53 3.894830408271828e-14 0.0
27285.53 3.8054267710209884e-14 0.0
27295.53 3.7144533144237434e-14 0.0
27305.53 3.706691583697378e-14 0.0
27315.53 4.0540456334717964e-14 0.0
27325.53 3.946534496666536e-14 0.0
27335.53 3.923160870318637e-14 0.0
27345.53 3.976810733997349e-14 0.0
27355.53 3.686121447650546e-14 0.0
27365.53 3.639002549463594e-14 0.0
27375.53 3.928792328162899e-14 0.0
27385.53 3.700947758048742e-14 0.0
27395.53 3.884828331375286e-14 0.0
27405.53 3.613414296331684e-14 0.0
27415.53 3.7723435195335234e-14 0.0
27425.53 3.978885458392597e-14 0.0
27435.53 3.8435221461985e-14 0.0
27445.53 3.849932320168041e-14 0.0
27455.53 3.858933458247356e-14 0.0
27465.53 3.878815602519584e-14 0.0
27475.53 3.7221424891102126e-14 0.0
27485.53 3.8266239636065256e-14 0.0
27495.53 3.707435002156491e-14 0.0
27505.53 3.633277271338418e-14 0.0
27515.53 3.8209306270358884e-14 0.0
27525.53 3.743734927998085e-14 0.0
27535.53 3.826830197732685e-14 0.0
27545.53 3.6187770028723277e-14 0.0
27555.53 3.6891683814824124e-14 0.0
27565.53 3.6807212776780984e-14 0.0
27575.53 3.8158788386871646e-14 0.0
27585.53 3.78662585798627e-14 0.0
27595.53 3.78214806030657e-14 0.0
27605.53 3.8185658070662795e-14 0.0
27615.53 3.766118595242967e-14 0.0
27625.53 3.774113799004172e-14 0.0
27635.53 3.8583747471758895e-14 0.0
27645.53 3.5834166304851893e-14 0.0
27655.53 3.6926324143304617e-14 0.0
27665.53 3.519778353378555e-14 0.0
27675.53 3.465295659981374e-14 0.0
27685.53 3.7027967498840827e-14 0.0
27695.53 3.6189065617232174e-14 0.0
27705.53 3.5094664403664125e-14 0.0
27715.53 3.6750484833604234e-14 0.0
27725.53 3.70888710916878e-14 0.0
27735.53 3.663168047111177e-14 0.0
27745.53 3.769046613077121e-14 0.0
27755.53 3.6848707328296136e-14 0.0
27765.53 3.6232143213024276e-14 0.0
27775.53 3.6868616347368685e-14 0.0
27785.53 3.6142161403276285e-14 0.0
27795.53 3.5363320997915314e-14 0.0
27805.53 3.7162891316459346e-14 0.0
27815.53 3.650478473506991e-14 0.0
27825.53 3.5350127836233086e-14 0.0
27835.53 3.728439398173191e-14 0.0
27845.53 3.543218154382254e-14 0.0
27855.53 3.4838787393444746e-14 0.0
27865.53 3.3725043713183864e-14 0.0
27875.53 3.5593917247227674e-14 0.0
27885.53 3.446047075922331e-14 0.0
27895.53 3.5579973421042066e-14 0.0
27905.53 3.414981114164667e-14 0.0
27915.53 3.3855955683159365e-14 0.0
27925.53 3.458222761627093e-14 0.0
27935.53 3.484085511411002e-14 0.0
27945.53 3.474463615467289e-14 0.0
27955.53 3.604103505497894e-14 0.0
27965.53 3.491499142971007e-14 0.0
27975.53 3.45992765275156e-14 0.0
27985.53 3.5168548142062956e-14 0.0
27995.53 3.6192027823466746e-14 0.0
28005.53 3.446255347989909e-14 0.0
28015.53 3.405513916860826e-14 0.0
28025.53 3.161171165314529e-14 0.0
28035.53 3.319918113453313e-14 0.0
28045.53 3.1558061726782836e-14 0.0
28055.53 3.3053758076105905e-14 0.0
28065.53 3.484171464319207e-14 0.0
28075.53 3.5074476163571954e-14 0.0
28085.53 3.38050865030143e-14 0.0
28095.53 3.4177924142997606e-14 0.0
28105.53 3.470602170286568e-14 0.0
28115.53 3.291140636659005e-14 0.0
28125.53 3.4454157311304364e-14 0.0
28135.53 3.359239086840376e-14 0.0
28145.53 3.4535391278026415e-14 0.0
28155.53 3.575565276294553e-14 0.0
28165.53 3.437105069130346e-14 0.0
28175.53 3.3130291683957454e-14 0.0
28185.53 3.300389590059276e-14 0.0
28195.53 3.3129791503309325e-14 0.0
28205.53 3.161279958987281e-14 0.0
28215.53 3.3630237380123216e-14 0.0
28225.53 3.400461849346918e-14 0.0
28235.53 3.405203531042348e-14 0.0
28245.53 3.4437190909423285e-14 0.0
28255.53 3.3911777646513176e-14 0.0
28265.53 3.243716761463523e-14 0.0
28275.53 3.346336531566164e-14 0.0
28285.53 3.397284227893498e-14 0.0
28295.53 3.4491562032724257e-14 0.0
28305.53 3.3887916919715894e-14 0.0
28315.53 3.375255688534078e-14 0.0
28325.53 3.534487427046672e-14 0.0
28335.53 3.3416377524782864e-14 0.0
28345.53 3.312333215868015e-14 0.0
28355.53 3.1332910293681035e-14 0.0
28365.53 3.365330771756451e-14 0.0
28375.53 3.191947350979801e-14 0.0
28385.53 3.344542368016335e-14 0.0
28395.53 3.4260532581645917e-14 0.0
28405.53 3.3557916224530836e-14 0.0
28415.53 3.3336895916862016e-14 0.0
28425.53 3.347779886602254e-14 0.0
28435.53 3.3065648921323013e-14 0.0
28445.53 3.3519501126311815e-14 0.0
28455.53 3.3474863215925224e-14 0.0
28465.53 3.405783921177637e-14 0.0
28475.53 3.398714288573773e-14 0.0
28485.53 3.3746372634761716e-14 0.0
28495.53 3.136525534890739e-14 0.0
28505.53 3.1411563095331276e-14 0.0
28515.53 3.365021012849888e-14 0.0
28525.53 3.204657510859501e-14 0.0
28535.53 3.2229990862400886e-14 0.0
28545.53 3.042270352404585e-14 0.0
28555.53 3.147053289591236e-14 0.0
28565.53 3.2602668914263177e-14 0.0
28575.53 3.2711639962662155e-14 0.0
