reference_uv_spectra/lya_masked/M1.5-3472-gj832-muscles.spec
# %ECSV 0.9
# ---
# datatype:
# - {name: w, datatype: float64}
# - {name: f, datatype: float64}
# - {name: e, datatype: float64}
# meta: !!omap
# - {distance: 10}
# - {w0: 1170.0}
# - {filename: M1.5-3472-gj832-muscles.spec}
# schema: astropy-2.0
w f e
[from data line 5185]
37585.53 1.3720842935332138e-14 0.0
37595.53 1.3741177845382978e-14 0.0
37605.53 1.3674050403745682e-14 0.0
37615.53 1.367428129872325e-14 0.0
37625.53 1.3048222577650302e-14 0.0
37635.53 1.3036960351482993e-14 0.0
37645.53 1.3586588002013122e-14 0.0
37655.53 1.3089276171505895e-14 0.0
37665.53 1.3512993299710906e-14 0.0
37675.53 1.2994250813840344e-14 0.0
37685.53 1.3285073701229807e-14 0.0
37695.53 1.3298896667642525e-14 0.0
37705.53 1.312015340259349e-14 0.0
37715.53 1.3585661941719069e-14 0.0
37725.53 1.3482020500476678e-14 0.0
37735.53 1.3229303877551551e-14 0.0
37745.53 1.3156830711226152e-14 0.0
37755.53 1.322583551164194e-14 0.0
37765.53 1.2750285686770747e-14 0.0
37775.53 1.3441140296912364e-14 0.0
37785.53 1.2661576978543979e-14 0.0
37795.53 1.2698725889809946e-14 0.0
37805.53 1.3389559324293318e-14 0.0
37815.53 1.2669594926496394e-14 0.0
37825.53 1.3378041737958336e-14 0.0
37835.53 1.3380245691382749e-14 0.0
37845.53 1.3393251023426208e-14 0.0
37855.53 1.3373443228595892e-14 0.0
37865.53 1.3351955321249946e-14 0.0
37875.53 1.3329353285825878e-14 0.0
37885.53 1.336554712029452e-14 0.0
37895.53 1.3329066214862243e-14 0.0
37905.53 1.3289191565634082e-14 0.0
37915.53 1.3300330229133131e-14 0.0
37925.53 1.3286442742301763e-14 0.0
37935.53 1.327710969744745e-14 0.0
37945.53 1.3317412772797046e-14 0.0
37955.53 1.3222446407502112e-14 0.0
37965.53 1.3195128119097511e-14 0.0
37975.53 1.3181825202045805e-14 0.0
37985.53 1.3181318241246345e-14 0.0
37995.53 1.3107565945734598e-14 0.0
38005.53 1.3156676548996363e-14 0.0
38015.53 1.322862605308399e-14 0.0
38025.53 1.3214664934025932e-14 0.0
38035.53 1.3147327472223727e-14 0.0
38045.53 1.3021318321100988e-14 0.0
38055.53 1.3101193044374565e-14 0.0
38065.53 1.3071987549771716e-14 0.0
38075.53 1.2961132436889173e-14 0.0
38085.53 1.277211974637286e-14 0.0
38095.53 1.3039442360181389e-14 0.0
38105.53 1.223221303083256e-14 0.0
38115.53 1.2901961319654865e-14 0.0
38125.53 1.1636156250583046e-14 0.0
38135.53 1.2748981731495391e-14 0.0
38145.53 1.2891820417292544e-14 0.0
38155.53 1.2224007136278036e-14 0.0
38165.53 1.2936054583220977e-14 0.0
38175.53 1.2891409269733335e-14 0.0
38185.53 1.2941735475454869e-14 0.0
38195.53 1.2936145041128506e-14 0.0
38205.53 1.2935408724321009e-14 0.0
38215.53 1.294410949175383e-14 0.0
38225.53 1.2896994265181734e-14 0.0
38235.53 1.2889646758282732e-14 0.0
38245.53 1.2928131872791107e-14 0.0
38255.53 1.2863710789018716e-14 0.0
38265.53 1.2713134819553504e-14 0.0
38275.53 1.2883049486663086e-14 0.0
38285.53 1.2842538684837701e-14 0.0
38295.53 1.2797602381866427e-14 0.0
38305.53 1.2796242961484022e-14 0.0
38315.53 1.2735812360768348e-14 0.0
38325.53 1.2627620316742277e-14 0.0
38335.53 1.2452835897076761e-14 0.0
38345.53 1.1987020971823936e-14 0.0
38355.53 1.2415492182460433e-14 0.0
38365.53 1.2264705326358618e-14 0.0
38375.53 1.2694454141108569e-14 0.0
38385.53 1.2215973818896249e-14 0.0
38395.53 1.2335594222111806e-14 0.0
38405.53 1.2380551427275417e-14 0.0
38415.53 1.2673906773439708e-14 0.0
38425.53 1.2637640399201812e-14 0.0
38435.53 1.2677478221439203e-14 0.0
38445.53 1.2710894617503006e-14 0.0
38455.53 1.2649280589337288e-14 0.0
38465.53 1.258773509564958e-14 0.0
38475.53 1.2427567699471603e-14 0.0
38485.53 1.256338895089656e-14 0.0
38495.53 1.2411092454773506e-14 0.0
38505.53 1.26054843550763e-14 0.0
38515.53 1.2563784711738324e-14 0.0
38525.53 1.2284607150614196e-14 0.0
38535.53 1.1980043761259694e-14 0.0
38545.53 1.2356212704400444e-14 0.0
38555.53 1.149336872632037e-14 0.0
38565.53 1.254707503801621e-14 0.0
38575.53 1.1854849380227906e-14 0.0
38585.53 1.2377597299783013e-14 0.0
38595.53 1.2441244740470919e-14 0.0
38605.53 1.2534368341169503e-14 0.0
38615.53 1.2512126955003583e-14 0.0
38625.53 1.2283893962934678e-14 0.0
38635.53 1.1979341263648823e-14 0.0
38645.53 1.244437278789835e-14 0.0
38655.53 1.2383389067471648e-14 0.0
38665.53 1.2230037745585664e-14 0.0
38675.53 1.2284163717037624e-14 0.0
38685.53 1.2336921039170368e-14 0.0
38695.53 1.2380215291183849e-14 0.0
38705.53 1.239230422316204e-14 0.0
38715.53 1.20173329218257e-14 0.0
38725.53 1.2135163319844172e-14 0.0
38735.53 1.2299219598469459e-14 0.0
38745.53 1.2329286632782272e-14 0.0
38755.53 1.2308694692899695e-14 0.0
38765.53 1.216699983543143e-14 0.0
38775.53 1.2263048390202983e-14 0.0
38785.53 1.2283967859031982e-14 0.0
38795.53 1.219465221315189e-14 0.0
38805.53 1.2248375518789206e-14 0.0
38815.53 1.2289277849848496e-14 0.0
38825.53 1.220824154372408e-14 0.0
38835.53 1.226686305949466e-14 0.0
38845.53 1.223123414934885e-14 0.0
38855.53 1.215586766869163e-14 0.0
38865.53 1.2193563151210588e-14 0.0
38875.53 1.1959382138027953e-14 0.0
38885.53 1.2173318671108573e-14 0.0
38895.53 1.214027452418752e-14 0.0
38905.53 1.206471187309854e-14 0.0
38915.53 1.2052702453360422e-14 0.0
38925.53 1.1683477410634237e-14 0.0
38935.53 1.1682966789477848e-14 0.0
38945.53 1.1360939553659442e-14 0.0
38955.53 1.135515564021616e-14 0.0
38965.53 1.2023495909313529e-14 0.0
38975.53 1.1311867678663082e-14 0.0
38985.53 1.198095431324075e-14 0.0
38995.53 1.2024492112703729e-14 0.0
39005.53 1.2059023661970587e-14 0.0
39015.53 1.206260422434238e-14 0.0
39025.53 1.2013489400226102e-14 0.0
39035.53 1.1732811297819318e-14 0.0
39045.53 1.17183935277484e-14 0.0
39055.53 1.1958796701776599e-14 0.0
39065.53 1.2006699551695431e-14 0.0
39075.53 1.1276448091120772e-14 0.0
39085.53 1.1912779349845334e-14 0.0
39095.53 1.12139825270847e-14 0.0
39105.53 1.1437867289994535e-14 0.0
39115.53 1.183778735593714e-14 0.0
39125.53 1.1459935195458332e-14 0.0
39135.53 1.1865993568135394e-14 0.0
39145.53 1.1707074718787598e-14 0.0
39155.53 1.1875551640113444e-14 0.0
39165.53 1.1871628482610272e-14 0.0
39175.53 1.1857816496689315e-14 0.0
39185.53 1.1874303358642808e-14 0.0
39195.53 1.1759354570515924e-14 0.0
39205.53 1.180979493493749e-14 0.0
39215.53 1.1801425718782254e-14 0.0
39225.53 1.1718549971011445e-14 0.0
39235.53 1.1651040321307696e-14 0.0
39245.53 1.1765456495530936e-14 0.0
39255.53 1.1789779463427654e-14 0.0
39265.53 1.1752773996198689e-14 0.0
39275.53 1.1738104281554283e-14 0.0
39285.53 1.1778667363096897e-14 0.0
39295.53 1.1669868177352046e-14 0.0
39305.53 1.146573264653952e-14 0.0
39315.53 1.1595546134889058e-14 0.0
39325.53 1.1576984662103942e-14 0.0
39335.53 1.1060262812041109e-14 0.0
39345.53 1.167386198079446e-14 0.0
39355.53 1.0638974272879664e-14 0.0
39365.53 1.1646805133741241e-14 0.0
39375.53 1.1594580197458445e-14 0.0
39385.53 1.1060719000742724e-14 0.0
39395.53 1.1600706858399776e-14 0.0
39405.53 1.1552284603328195e-14 0.0
39415.53 1.1615073365606593e-14 0.0
39425.53 1.1599242888509081e-14 0.0
39435.53 1.1602975649218452e-14 0.0
39445.53 1.1565185223156938e-14 0.0
39455.53 1.1450640947194546e-14 0.0
39465.53 1.1534739478510892e-14 0.0
39475.53 1.1519658576437172e-14 0.0
39485.53 1.1484870145900212e-14 0.0
39495.53 1.1303142093247624e-14 0.0
39505.53 1.1485440334152309e-14 0.0
39515.53 1.1370033198051539e-14 0.0
39525.53 1.1440150468461912e-14 0.0
39535.53 1.1473509256524569e-14 0.0
39545.53 1.1409603633163306e-14 0.0
39555.53 1.1408711181052104e-14 0.0
39565.53 1.1374571262266057e-14 0.0
39575.53 1.1421288787430672e-14 0.0
39585.53 1.119534044257104e-14 0.0
39595.53 1.1296825567224188e-14 0.0
39605.53 1.1384639546773274e-14 0.0
39615.53 1.1372206700641497e-14 0.0
39625.53 1.1301428026870368e-14 0.0
39635.53 1.1305841458375785e-14 0.0
39645.53 1.1328101124654215e-14 0.0
39655.53 1.1327988533213292e-14 0.0
39665.53 1.134238710748276e-14 0.0
39675.53 1.1316080898545858e-14 0.0
39685.53 1.1302918781117451e-14 0.0
39695.53 1.1295839336985199e-14 0.0
39705.53 1.1220216855426204e-14 0.0
39715.53 1.126496469629641e-14 0.0
39725.53 1.128728906828195e-14 0.0
39735.53 1.1107189455578331e-14 0.0
39745.53 1.1231281818290727e-14 0.0
39755.53 1.1233846079761284e-14 0.0
39765.53 1.0951829478685892e-14 0.0
39775.53 1.0924082171733103e-14 0.0
39785.53 1.1108085559526499e-14 0.0
39795.53 1.054914944464114e-14 0.0
39805.53 1.0753710636144877e-14 0.0
39815.53 1.0592106267431601e-14 0.0
39825.53 1.0481750799101437e-14 0.0
39835.53 1.1145319278477385e-14 0.0
39845.53 1.0492578492734595e-14 0.0
39855.53 1.021682921118954e-14 0.0
39865.53 1.091544393659033e-14 0.0
39875.53 1.0719188997080782e-14 0.0
39885.53 1.0651988600595002e-14 0.0
39895.53 1.099846382174093e-14 0.0
39905.53 1.0907017819507938e-14 0.0
39915.53 1.0476262916724904e-14 0.0
39925.53 1.1046108363916694e-14 0.0
39935.53 1.1040447713536854e-14 0.0
39945.53 1.1048170153035231e-14 0.0
39955.53 1.101825085483418e-14 0.0
39965.53 1.089750365353234e-14 0.0
39975.53 1.1004700379334185e-14 0.0
39985.53 1.0825567088203855e-14 0.0
39995.53 1.0861057802194625e-14 0.0
40005.53 1.0966267348832105e-14 0.0
40015.53 1.0906942092694502e-14 0.0
40025.53 1.0928866045901531e-14 0.0
40035.53 1.089226647901156e-14 0.0
40045.53 1.0794017756159513e-14 0.0
40055.53 1.0869180467903867e-14 0.0
40065.53 1.0848022384351516e-14 0.0
40075.53 1.0816727369482812e-14 0.0
40085.53 1.0841955785242616e-14 0.0
40095.53 1.0858239270697724e-14 0.0
40105.53 1.0860891577189965e-14 0.0
40115.53 1.0862678707355394e-14 0.0
40125.53 1.0794675372770145e-14 0.0
40135.53 1.0798182622785991e-14 0.0
40145.53 1.0783530019365173e-14 0.0
40155.53 1.0762656801347508e-14 0.0
40165.53 1.0622960494874515e-14 0.0
40175.53 1.0266001264375525e-14 0.0
40185.53 1.0736310240472373e-14 0.0
40195.53 1.0103597772271612e-14 0.0
40205.53 1.022846463833633e-14 0.0
40215.53 1.0682411172437933e-14 0.0
40225.53 1.0268600565299548e-14 0.0
40235.53 1.0635040459222249e-14 0.0
40245.53 1.071933710459664e-14 0.0
40255.53 1.0698857326186505e-14 0.0
40265.53 1.0710561597094135e-14 0.0
40275.53 1.0707330652120817e-14 0.0
40285.53 1.0691793811898489e-14 0.0
40295.53 1.064182516177961e-14 0.0
40305.53 1.0612094576232635e-14 0.0
40315.53 1.0623400338239073e-14 0.0
40325.53 1.0616550766027405e-14 0.0
40335.53 1.0584744293888149e-14 0.0
40345.53 1.0658533840899757e-14 0.0
40355.53 1.0628952193688847e-14 0.0
40365.53 1.055873153877136e-14 0.0
40375.53 1.061181803949682e-14 0.0
40385.53 1.0615153200955514e-14 0.0
40395.53 1.0586458761861594e-14 0.0
40405.53 1.0442871692180732e-14 0.0
40415.53 1.0507646206736937e-14 0.0
40425.53 1.0500317065894511e-14 0.0
40435.53 9.940816200807839e-15 0.0
40445.53 9.757853467519117e-15 0.0
40455.53 1.0381837025534667e-14 0.0
40465.53 1.0420276050283773e-14 0.0
40475.53 1.0390891192814747e-14 0.0
40485.53 1.0391393104172876e-14 0.0
40495.53 1.0429797115938295e-14 0.0
40505.53 1.0369128190839665e-14 0.0
40515.53 1.0408977007300014e-14 0.0
40525.53 1.0352335389105585e-14 0.0
40535.53 1.0255074591054733e-14 0.0
40545.53 1.0172823210873525e-14 0.0
40555.53 1.040627015114151e-14 0.0
40565.53 1.0220884589046854e-14 0.0
40575.53 1.0350580336011694e-14 0.0
40585.53 1.0267807321756858e-14 0.0
40595.53 1.0143071488380357e-14 0.0
40605.53 1.031466143305217e-14 0.0
40615.53 1.020450620190453e-14 0.0
40625.53 1.0288727745152284e-14 0.0
40635.53 1.0232915613749954e-14 0.0
40645.53 1.0257924816969419e-14 0.0
40655.53 1.0302872063622916e-14 0.0
40665.53 1.0129315648749683e-14 0.0
40675.53 1.0217932839698711e-14 0.0
40685.53 9.886435623659641e-15 0.0
40695.53 1.0177068644229921e-14 0.0
40705.53 9.665840688326876e-15 0.0
40715.53 9.857236156225607e-15 0.0
40725.53 9.727071678515833e-15 0.0
40735.53 9.646719399720955e-15 0.0
40745.53 9.828868910408216e-15 0.0
40755.53 9.738118058850613e-15 0.0
40765.53 1.0098214669773168e-14 0.0
40775.53 1.0160492881949992e-14 0.0
40785.53 1.0194434952947434e-14 0.0
40795.53 1.010409471525211e-14 0.0
40805.53 1.0169503107245265e-14 0.0
40815.53 1.0130996089159706e-14 0.0
40825.53 1.0138074784197195e-14 0.0
40835.53 9.892148305271655e-15 0.0
40845.53 9.961973952826199e-15 0.0
40855.53 9.9256666144537e-15 0.0
40865.53 9.98887091786113e-15 0.0
40875.53 9.99725450619679e-15 0.0
40885.53 9.945538378055918e-15 0.0
40895.53 1.0061225931610348e-14 0.0
40905.53 9.992179983343143e-15 0.0
40915.53 9.933632719026658e-15 0.0
40925.53 1.000938532618761e-14 0.0
40935.53 9.955441219409588e-15 0.0
40945.53 1.002537807122317e-14 0.0
40955.53 9.959536831083743e-15 0.0
40965.53 1.0010756339919892e-14 0.0
40975.53 9.926904076071052e-15 0.0
40985.53 9.970177231008447e-15 0.0
40995.53 9.931127306328164e-15 0.0
41005.53 9.962768484289102e-15 0.0
41015.53 9.921659349970305e-15 0.0
41025.53 9.975039988925118e-15 0.0
41035.53 9.92868042468166e-15 0.0
41045.53 9.945165780091103e-15 0.0
41055.53 9.979420018132939e-15 0.0
41065.53 9.573690169583292e-15 0.0
41075.53 9.812665697289446e-15 0.0
41085.53 9.424392474826856e-15 0.0
41095.53 9.366979737358707e-15 0.0
41105.53 9.739329634429723e-15 0.0
41115.53 9.846624191378923e-15 0.0
41125.53 9.511209929212484e-15 0.0
41135.53 9.843283829353e-15 0.0
41145.53 9.798715515627037e-15 0.0
41155.53 9.706030742763374e-15 0.0
41165.53 9.803424301730898e-15 0.0
41175.53 9.679020345706581e-15 0.0
41185.53 9.81100896768081e-15 0.0
41195.53 9.83512464461233e-15 0.0
41205.53 9.79985977640595e-15 0.0
41215.53 9.78101583715808e-15 0.0
41225.53 9.838845561501535e-15 0.0
41235.53 9.689175038410484e-15 0.0
41245.53 9.536559177365499e-15 0.0
41255.53 9.698328910650162e-15 0.0
41265.53 9.632287336299924e-15 0.0
41275.53 9.669285246489533e-15 0.0
41285.53 9.60372768885108e-15 0.0
41295.53 9.64761486392764e-15 0.0
41305.53 9.596895316867634e-15 0.0
41315.53 9.705528260071596e-15 0.0
41325.53 9.522066210786635e-15 0.0
41335.53 9.641074345914284e-15 0.0
41345.53 9.531279165807772e-15 0.0
41355.53 9.551210424540984e-15 0.0
41365.53 9.548893984148561e-15 0.0
41375.53 9.306423503293547e-15 0.0
41385.53 9.475289679851076e-15 0.0
41395.53 9.548535426830181e-15 0.0
41405.53 9.38395803020925e-15 0.0
41415.53 9.600961088662935e-15 0.0
41425.53 9.518058569026165e-15 0.0
41435.53 9.584279104646389e-15 0.0
41445.53 9.442147115807922e-15 0.0
41455.53 9.58835830762145e-15 0.0
41465.53 9.537036101251684e-15 0.0
41475.53 9.537487709854249e-15 0.0
41485.53 9.558562224176494e-15 0.0
41495.53 9.513704370104615e-15 0.0
41505.53 9.447139456778788e-15 0.0
41515.53 9.482516369246118e-15 0.0
41525.53 9.547197215524118e-15 0.0
41535.53 9.588643102845784e-15 0.0
41545.53 9.439786142989169e-15 0.0
41555.53 9.203920746640122e-15 0.0
41565.53 9.417360169484324e-15 0.0
41575.53 9.389880317237816e-15 0.0
41585.53 9.009179515391503e-15 0.0
41595.53 9.434446723816157e-15 0.0
41605.53 9.385375808183871e-15 0.0
41615.53 9.096348051202568e-15 0.0
41625.53 9.392323955260984e-15 0.0
41635.53 9.416953670266567e-15 0.0
41645.53 9.411553327835234e-15 0.0
41655.53 9.184849652594542e-15 0.0
41665.53 8.82119012446887e-15 0.0
41675.53 9.196483874373745e-15 0.0
41685.53 8.872972886061269e-15 0.0
41695.53 9.210421830223982e-15 0.0
41705.53 8.927124198439448e-15 0.0
41715.53 9.248081390770479e-15 0.0
41725.53 8.903388107163685e-15 0.0
41735.53 9.345321361075251e-15 0.0
41745.53 9.249632098489333e-15 0.0
41755.53 9.279574148541288e-15 0.0
41765.53 9.283408103714383e-15 0.0
41775.53 9.260336041849667e-15 0.0
41785.53 9.22962152496406e-15 0.0
41795.53 9.280949730874809e-15 0.0
41805.53 9.236624019048188e-15 0.0
41815.53 9.26884823369224e-15 0.0
41825.53 9.190069956104987e-15 0.0
41835.53 8.984418195040564e-15 0.0
41845.53 9.001628049576247e-15 0.0
41855.53 9.143748820191245e-15 0.0
41865.53 9.221700962474086e-15 0.0
41875.53 9.151526262319992e-15 0.0
41885.53 9.218799135874736e-15 0.0
41895.53 9.210884478379e-15 0.0
41905.53 9.12776581735807e-15 0.0
41915.53 8.780053050718676e-15 0.0
41925.53 9.022451170971755e-15 0.0
41935.53 9.119810385152092e-15 0.0
41945.53 9.16554857090581e-15 0.0
41955.53 9.15786427642779e-15 0.0
41965.53 9.14343975978908e-15 0.0
41975.53 9.140262369383748e-15 0.0
41985.53 9.105119055781973e-15 0.0
41995.53 9.107922138440164e-15 0.0
42005.53 8.735173183964489e-15 0.0
42015.53 8.809498062168053e-15 0.0
42025.53 8.741083591438686e-15 0.0
42035.53 8.7192974093813e-15 0.0
42045.53 9.019796898519353e-15 0.0
42055.53 8.819857322841293e-15 0.0
42065.53 8.695926164064522e-15 0.0
