reference_uv_spectra/lya_masked/M1.5-3472-gj832-muscles.spec
# %ECSV 0.9
# ---
# datatype:
# - {name: w, datatype: float64}
# - {name: f, datatype: float64}
# - {name: e, datatype: float64}
# meta: !!omap
# - {distance: 10}
# - {w0: 1170.0}
# - {filename: M1.5-3472-gj832-muscles.spec}
# schema: astropy-2.0
w f e
[from data line 5635]
42085.53 8.783225665975766e-15 0.0
42095.53 8.94416671359275e-15 0.0
42105.53 8.911384053518012e-15 0.0
42115.53 9.006346834887507e-15 0.0
42125.53 8.924706299878119e-15 0.0
42135.53 8.934340462546357e-15 0.0
42145.53 8.924114373898551e-15 0.0
42155.53 8.97912087721006e-15 0.0
42165.53 8.948419921206133e-15 0.0
42175.53 8.88414698076652e-15 0.0
42185.53 8.861404196259888e-15 0.0
42195.53 8.750476058880253e-15 0.0
42205.53 8.8937706800136e-15 0.0
42215.53 8.772969564320205e-15 0.0
42225.53 8.685930927546328e-15 0.0
42235.53 8.916305577571404e-15 0.0
42245.53 8.839455624751623e-15 0.0
42255.53 8.817537067740039e-15 0.0
42265.53 8.875337643562197e-15 0.0
42275.53 8.914934556890807e-15 0.0
42285.53 8.806133621741677e-15 0.0
42295.53 8.881489256489423e-15 0.0
42305.53 8.847009607098456e-15 0.0
42315.53 8.910582599380564e-15 0.0
42325.53 8.883778700105477e-15 0.0
42335.53 8.806776707435925e-15 0.0
42345.53 8.875293230167157e-15 0.0
42355.53 8.864712575347428e-15 0.0
42365.53 8.82410701162835e-15 0.0
42375.53 8.865435951245115e-15 0.0
42385.53 8.793359165898784e-15 0.0
42395.53 8.821429786981902e-15 0.0
42405.53 8.772458492350382e-15 0.0
42415.53 8.798517119016196e-15 0.0
42425.53 8.711721889071112e-15 0.0
42435.53 8.745806493379701e-15 0.0
42445.53 8.780336384893894e-15 0.0
42455.53 8.78765451530062e-15 0.0
42465.53 8.623972472705916e-15 0.0
42475.53 8.512881404651127e-15 0.0
42485.53 8.725833463266325e-15 0.0
42495.53 8.71488537614199e-15 0.0
42505.53 8.205337511247876e-15 0.0
42515.53 8.528818179255e-15 0.0
42525.53 8.565646351155731e-15 0.0
42535.53 8.371675626819022e-15 0.0
42545.53 8.660843863883755e-15 0.0
42555.53 8.649976848152228e-15 0.0
42565.53 8.658113510253743e-15 0.0
42575.53 8.561960604331811e-15 0.0
42585.53 8.662805210445744e-15 0.0
42595.53 8.544106188577103e-15 0.0
42605.53 8.624651597501399e-15 0.0
42615.53 8.608773081889813e-15 0.0
42625.53 8.615116962527953e-15 0.0
42635.53 8.564982916073952e-15 0.0
42645.53 8.631309593276992e-15 0.0
42655.53 8.566153265715796e-15 0.0
42665.53 8.566449180729103e-15 0.0
42675.53 8.576929968544554e-15 0.0
42685.53 8.255655912685767e-15 0.0
42695.53 8.17429542265061e-15 0.0
42705.53 8.567802559880623e-15 0.0
42715.53 8.245795770560751e-15 0.0
42725.53 8.48367259702449e-15 0.0
42735.53 8.20929228276688e-15 0.0
42745.53 8.580903598871624e-15 0.0
42755.53 8.413378517254492e-15 0.0
42765.53 8.518055082554702e-15 0.0
42775.53 8.547453378482676e-15 0.0
42785.53 8.563589183412558e-15 0.0
42795.53 8.488468180761669e-15 0.0
42805.53 8.509330786548382e-15 0.0
42815.53 8.483938740484062e-15 0.0
42825.53 8.44394399952021e-15 0.0
42835.53 8.4576482896687e-15 0.0
42845.53 8.49382094111719e-15 0.0
42855.53 8.512811161217971e-15 0.0
42865.53 8.446095332098109e-15 0.0
42875.53 8.418527905412968e-15 0.0
42885.53 8.471723388755775e-15 0.0
42895.53 8.394352408433909e-15 0.0
42905.53 8.452205904128373e-15 0.0
42915.53 8.459899727313459e-15 0.0
42925.53 8.32724079895082e-15 0.0
42935.53 8.406115033542316e-15 0.0
42945.53 7.605440968686495e-15 0.0
42955.53 7.407269052252144e-15 0.0
42965.53 7.529507429166872e-15 0.0
42975.53 7.923564536865885e-15 0.0
42985.53 7.692743211791571e-15 0.0
42995.53 7.746785521700071e-15 0.0
43005.53 7.846607488227734e-15 0.0
43015.53 7.618998987577369e-15 0.0
43025.53 8.098539062819373e-15 0.0
43035.53 7.758044017696408e-15 0.0
43045.53 7.893653773100804e-15 0.0
43055.53 7.60931944561529e-15 0.0
43065.53 8.12880652291189e-15 0.0
43075.53 7.952920500585241e-15 0.0
43085.53 7.744661677988288e-15 0.0
43095.53 8.061592112414889e-15 0.0
43105.53 7.867688459769995e-15 0.0
43115.53 7.824224252001854e-15 0.0
43125.53 8.008866844275345e-15 0.0
43135.53 7.753962609044243e-15 0.0
43145.53 8.263678391685423e-15 0.0
43155.53 7.614344334737054e-15 0.0
43165.53 8.174540533471466e-15 0.0
43175.53 7.69478602902645e-15 0.0
43185.53 8.191889267413376e-15 0.0
43195.53 7.68835446980764e-15 0.0
43205.53 8.196733399786913e-15 0.0
43215.53 7.632083301224538e-15 0.0
43225.53 8.208739669207668e-15 0.0
43235.53 7.653361781907663e-15 0.0
43245.53 8.098977424951607e-15 0.0
43255.53 8.095979370032774e-15 0.0
43265.53 7.715287655592671e-15 0.0
43275.53 8.135094298039749e-15 0.0
43285.53 7.575836631249639e-15 0.0
43295.53 8.16707932034023e-15 0.0
43305.53 7.64007301651003e-15 0.0
43315.53 7.985902435996886e-15 0.0
43325.53 8.10750974730972e-15 0.0
43335.53 7.48098029776794e-15 0.0
43345.53 8.075220454727283e-15 0.0
43355.53 7.998567354597831e-15 0.0
43365.53 7.538002005122966e-15 0.0
43375.53 8.10991142014431e-15 0.0
43385.53 7.480253114275177e-15 0.0
43395.53 7.863902875968452e-15 0.0
43405.53 7.984470632595954e-15 0.0
43415.53 7.425433054165015e-15 0.0
43425.53 7.977321562769027e-15 0.0
43435.53 7.991950361338022e-15 0.0
43445.53 7.297264239597556e-15 0.0
43455.53 7.83886124578005e-15 0.0
43465.53 8.020769763351544e-15 0.0
43475.53 7.036488222256397e-15 0.0
43485.53 7.96056423020874e-15 0.0
43495.53 7.994997625975958e-15 0.0
43505.53 6.5458211239317965e-15 0.0
43515.53 7.284628838771335e-15 0.0
43525.53 7.48881113208912e-15 0.0
43535.53 6.862190660337197e-15 0.0
43545.53 7.59658985571795e-15 0.0
43555.53 7.609862006696672e-15 0.0
43565.53 7.173284718382783e-15 0.0
43575.53 7.486517189768588e-15 0.0
43585.53 7.896493993686956e-15 0.0
43595.53 7.519544471552285e-15 0.0
43605.53 7.0560167065661504e-15 0.0
43615.53 7.540018954021267e-15 0.0
43625.53 7.865140654561416e-15 0.0
43635.53 6.835347637735245e-15 0.0
43645.53 7.523937389971128e-15 0.0
43655.53 7.872709340539946e-15 0.0
43665.53 7.293435728513663e-15 0.0
43675.53 7.237150972082793e-15 0.0
43685.53 7.427727279877627e-15 0.0
43695.53 7.811029050492231e-15 0.0
43705.53 6.799746081376957e-15 0.0
43715.53 7.617789434620292e-15 0.0
43725.53 7.60586994819176e-15 0.0
43735.53 7.628536415857025e-15 0.0
43745.53 6.840841878400993e-15 0.0
43755.53 7.489789322297994e-15 0.0
43765.53 7.173184283022706e-15 0.0
43775.53 7.591759499954796e-15 0.0
43785.53 6.654634099935513e-15 0.0
43795.53 7.725754356191417e-15 0.0
43805.53 7.126361861595686e-15 0.0
43815.53 7.146394665186332e-15 0.0
43825.53 7.175636020384842e-15 0.0
43835.53 7.58105084687621e-15 0.0
43845.53 7.727380926794918e-15 0.0
43855.53 6.619330902247499e-15 0.0
43865.53 7.596219158200592e-15 0.0
43875.53 7.321497409676874e-15 0.0
43885.53 7.604351551222966e-15 0.0
43895.53 7.091357445846265e-15 0.0
43905.53 7.040802697814263e-15 0.0
43915.53 7.679922192793945e-15 0.0
43925.53 7.57398213433707e-15 0.0
43935.53 6.653129238123082e-15 0.0
43945.53 7.322979073209027e-15 0.0
43955.53 7.563082205750714e-15 0.0
43965.53 7.152588293015695e-15 0.0
43975.53 7.43805585694779e-15 0.0
43985.53 6.597812050488428e-15 0.0
43995.53 7.358377965519592e-15 0.0
44005.53 7.648569540559185e-15 0.0
44015.53 7.187983625637212e-15 0.0
44025.53 6.686833463261551e-15 0.0
44035.53 7.583159450529668e-15 0.0
44045.53 7.194235435200192e-15 0.0
44055.53 7.183039372728538e-15 0.0
44065.53 6.526289759958177e-15 0.0
44075.53 6.5428596736575844e-15 0.0
44085.53 6.624896465072639e-15 0.0
44095.53 7.226715845629771e-15 0.0
44105.53 6.844482316985887e-15 0.0
44115.53 6.199977328128611e-15 0.0
44125.53 7.227052097443906e-15 0.0
44135.53 7.229681356120021e-15 0.0
44145.53 6.8549944661962095e-15 0.0
44155.53 6.528093295348541e-15 0.0
44165.53 7.21887741853503e-15 0.0
44175.53 7.102912301382773e-15 0.0
44185.53 6.906928708216133e-15 0.0
44195.53 7.18925357874359e-15 0.0
44205.53 6.389092282156874e-15 0.0
44215.53 6.788742175774013e-15 0.0
44225.53 7.130595402576415e-15 0.0
44235.53 7.438680733584341e-15 0.0
44245.53 6.867115948972275e-15 0.0
44255.53 6.175338410986867e-15 0.0
44265.53 7.443459996551726e-15 0.0
44275.53 7.062814163752249e-15 0.0
44285.53 6.996406704752332e-15 0.0
44295.53 6.384573130434445e-15 0.0
44305.53 7.12532086075049e-15 0.0
44315.53 7.11389876158116e-15 0.0
44325.53 6.660885504428147e-15 0.0
44335.53 7.271420822579663e-15 0.0
44345.53 6.350130807072311e-15 0.0
44355.53 7.228296145735041e-15 0.0
44365.53 6.428907846370188e-15 0.0
44375.53 7.29981309590454e-15 0.0
44385.53 6.9337939390458896e-15 0.0
44395.53 6.592945070476474e-15 0.0
44405.53 6.458432267737396e-15 0.0
44415.53 6.975989072090745e-15 0.0
44425.53 7.403527030924944e-15 0.0
44435.53 6.8536726621830324e-15 0.0
44445.53 6.196432558771823e-15 0.0
44455.53 7.159636545573255e-15 0.0
44465.53 6.852339551934371e-15 0.0
44475.53 7.212618716241443e-15 0.0
44485.53 6.52687969830545e-15 0.0
44495.53 6.558698065632787e-15 0.0
44505.53 6.536712322116719e-15 0.0
44515.53 6.893730500897601e-15 0.0
44525.53 6.650732359379171e-15 0.0
44535.53 6.899534038539171e-15 0.0
44545.53 6.780745140767281e-15 0.0
44555.53 6.333129948982812e-15 0.0
44565.53 7.194033788171032e-15 0.0
44575.53 6.197769704503821e-15 0.0
44585.53 7.224430792522973e-15 0.0
44595.53 7.066652829057189e-15 0.0
44605.53 6.273605615700775e-15 0.0
44615.53 6.4269002573513896e-15 0.0
44625.53 7.113486649115767e-15 0.0
44635.53 6.881234057398019e-15 0.0
44645.53 6.907328577084972e-15 0.0
44655.53 6.377764944302211e-15 0.0
44665.53 6.0749220131149965e-15 0.0
44675.53 6.381723785301674e-15 0.0
44685.53 7.011948034331999e-15 0.0
44695.53 6.838920816858325e-15 0.0
44705.53 6.021015539084378e-15 0.0
44715.53 6.136938850942068e-15 0.0
44725.53 6.92014065922326e-15 0.0
44735.53 6.610990111657705e-15 0.0
44745.53 6.7469751857066694e-15 0.0
44755.53 6.291128222097545e-15 0.0
44765.53 6.779911238733225e-15 0.0
44775.53 5.8267060656752644e-15 0.0
44785.53 6.961799323785536e-15 0.0
44795.53 6.7262039523583695e-15 0.0
44805.53 6.277605283274706e-15 0.0
44815.53 6.451866416490601e-15 0.0
44825.53 6.640111922217779e-15 0.0
44835.53 6.590905582064533e-15 0.0
44845.53 6.4837733391273394e-15 0.0
44855.53 6.550055881281616e-15 0.0
44865.53 6.8538793629548625e-15 0.0
44875.53 6.850490127376036e-15 0.0
44885.53 5.957308667702848e-15 0.0
44895.53 6.303120685543004e-15 0.0
44905.53 6.661883464501813e-15 0.0
44915.53 6.7112947799281326e-15 0.0
44925.53 6.201056666148223e-15 0.0
44935.53 6.672516134589129e-15 0.0
44945.53 5.988217523725057e-15 0.0
44955.53 6.21257894847026e-15 0.0
44965.53 6.4530984910114965e-15 0.0
44975.53 6.7663046611971085e-15 0.0
44985.53 6.6880658531036965e-15 0.0
44995.53 6.84199625038756e-15 0.0
45005.53 5.484831599521709e-15 0.0
45015.53 6.802396377406717e-15 0.0
45025.53 7.032156184413356e-15 0.0
45035.53 6.482504749959074e-15 0.0
45045.53 6.404686042745104e-15 0.0
45055.53 5.961042383061362e-15 0.0
45065.53 5.932588000632038e-15 0.0
45075.53 6.847483449099317e-15 0.0
45085.53 6.43118806104943e-15 0.0
45095.53 6.6060760204838614e-15 0.0
45105.53 6.002893011262957e-15 0.0
45115.53 6.5242482838312235e-15 0.0
45125.53 6.34480716306076e-15 0.0
45135.53 6.065361656712249e-15 0.0
45145.53 6.4793475998361515e-15 0.0
45155.53 6.591780108261961e-15 0.0
45165.53 6.17580505806384e-15 0.0
45175.53 6.223229710321061e-15 0.0
45185.53 6.5939384341556304e-15 0.0
45195.53 6.0465782959538204e-15 0.0
45205.53 6.591281657744796e-15 0.0
45215.53 5.834834461264608e-15 0.0
45225.53 6.315667171070822e-15 0.0
45235.53 6.857077057997254e-15 0.0
45245.53 5.9163968253900036e-15 0.0
45255.53 5.901637353956357e-15 0.0
45265.53 6.197876757474235e-15 0.0
45275.53 5.619372568091517e-15 0.0
45285.53 6.513762624252838e-15 0.0
45295.53 6.66684665149199e-15 0.0
45305.53 6.526402608569552e-15 0.0
45315.53 5.7511845631821636e-15 0.0
45325.53 5.574403408100104e-15 0.0
45335.53 6.365027061836512e-15 0.0
45345.53 6.344258566621476e-15 0.0
45355.53 6.515251520238676e-15 0.0
45365.53 6.152215130429495e-15 0.0
45375.53 6.6967043383031674e-15 0.0
45385.53 5.440541717850501e-15 0.0
45395.53 6.372793819604158e-15 0.0
45405.53 6.728486382061856e-15 0.0
45415.53 5.924561858545757e-15 0.0
45425.53 6.440552719588702e-15 0.0
45435.53 6.345632875345008e-15 0.0
45445.53 5.9238175640775594e-15 0.0
45455.53 5.663351171689335e-15 0.0
45465.53 6.149404514141158e-15 0.0
45475.53 6.344768446954908e-15 0.0
45485.53 6.5345538089493585e-15 0.0
45495.53 6.185187894476099e-15 0.0
45505.53 5.920943567969918e-15 0.0
45515.53 5.824172140888236e-15 0.0
45525.53 6.04093704527545e-15 0.0
45535.53 6.260292197425756e-15 0.0
45545.53 6.450401443974285e-15 0.0
45555.53 6.73460674369195e-15 0.0
45565.53 5.576360956000565e-15 0.0
45575.53 6.200407305710003e-15 0.0
45585.53 6.008933703405944e-15 0.0
45595.53 6.0045948614233385e-15 0.0
45605.53 6.6012419473710354e-15 0.0
45615.53 6.180346322474711e-15 0.0
45625.53 5.4930740093026304e-15 0.0
45635.53 6.531934164428068e-15 0.0
45645.53 6.226911815399617e-15 0.0
45655.53 5.8735724756573594e-15 0.0
45665.53 6.035686810648132e-15 0.0
45675.53 5.8308337305154364e-15 0.0
45685.53 6.367606818550612e-15 0.0
45695.53 5.839234146434452e-15 0.0
45705.53 5.837427610777289e-15 0.0
45715.53 6.4805824277931526e-15 0.0
45725.53 5.881371340275046e-15 0.0
45735.53 6.120514663222817e-15 0.0
45745.53 6.471357815563797e-15 0.0
45755.53 5.490705590948465e-15 0.0
45765.53 6.265417282521527e-15 0.0
45775.53 6.576135518665861e-15 0.0
45785.53 5.95093228763475e-15 0.0
45795.53 5.659028181465116e-15 0.0
45805.53 6.012036716294854e-15 0.0
45815.53 5.913443025212968e-15 0.0
45825.53 6.107635789972378e-15 0.0
45835.53 6.204351246953246e-15 0.0
45845.53 5.580611021485673e-15 0.0
45855.53 6.075594303744259e-15 0.0
45865.53 6.15316225471241e-15 0.0
45875.53 5.6514429319392825e-15 0.0
45885.53 5.693221511551471e-15 0.0
45895.53 5.377667358922317e-15 0.0
45905.53 6.284383693965456e-15 0.0
45915.53 6.30257645934705e-15 0.0
45925.53 6.2436422818780705e-15 0.0
45935.53 5.820094505337718e-15 0.0
45945.53 5.489498227621189e-15 0.0
45955.53 5.3139230165071925e-15 0.0
45965.53 5.9120306122490825e-15 0.0
45975.53 6.411931346681777e-15 0.0
45985.53 6.194410019125197e-15 0.0
45995.53 5.799224124466836e-15 0.0
46005.53 6.0757404500148845e-15 0.0
46015.53 5.4776716958621455e-15 0.0
46025.53 5.813628728965689e-15 0.0
46035.53 6.108947843180494e-15 0.0
46045.53 5.747538491083708e-15 0.0
46055.53 6.222916141370966e-15 0.0
46065.53 6.4742053336200314e-15 0.0
46075.53 5.564257168768471e-15 0.0
46085.53 5.384133390975873e-15 0.0
46095.53 5.3357026582956295e-15 0.0
46105.53 6.392431167582687e-15 0.0
46115.53 5.97843476633158e-15 0.0
46125.53 5.981336638177711e-15 0.0
46135.53 5.77589593183299e-15 0.0
46145.53 5.590603043993597e-15 0.0
46155.53 5.692777217955218e-15 0.0
46165.53 5.779576172529163e-15 0.0
46175.53 5.750418529745724e-15 0.0
46185.53 6.0974868218546224e-15 0.0
46195.53 5.931528861370368e-15 0.0
46205.53 5.433030993575546e-15 0.0
46215.53 6.0216569585887175e-15 0.0
46225.53 5.722062574530103e-15 0.0
46235.53 6.067043113313653e-15 0.0
46245.53 6.030475935590465e-15 0.0
46255.53 5.180269821101451e-15 0.0
46265.53 5.572724997591304e-15 0.0
46275.53 6.3345631243455085e-15 0.0
46285.53 6.372395870125212e-15 0.0
46295.53 5.4864660728433475e-15 0.0
46305.53 5.501113804832102e-15 0.0
46315.53 5.973679576139818e-15 0.0
46325.53 5.81362865807631e-15 0.0
46335.53 5.679985579337614e-15 0.0
46345.53 6.037014531732385e-15 0.0
46355.53 5.961540921507826e-15 0.0
46365.53 5.5078596197263524e-15 0.0
46375.53 5.643053904063914e-15 0.0
46385.53 5.834780613295656e-15 0.0
46395.53 5.473363131171501e-15 0.0
46405.53 5.843355084311012e-15 0.0
46415.53 6.0821798171569325e-15 0.0
46425.53 5.6473627496650945e-15 0.0
46435.53 5.687209943610671e-15 0.0
46445.53 5.625693974149695e-15 0.0
46455.53 5.868492786150887e-15 0.0
46465.53 5.777051930056641e-15 0.0
46475.53 5.88907280966956e-15 0.0
46485.53 5.515234641878532e-15 0.0
46495.53 5.673260604183563e-15 0.0
46505.53 5.8008304384097534e-15 0.0
46515.53 5.905568927443235e-15 0.0
46525.53 5.300854561153136e-15 0.0
46535.53 5.673106247318177e-15 0.0
46545.53 5.8694428169810384e-15 0.0
46555.53 5.920003613026808e-15 0.0
46565.53 5.768702415110209e-15 0.0
46575.53 5.759119258880083e-15 0.0
46585.53 5.90622543976775e-15 0.0
46595.53 5.197877506002072e-15 0.0
46605.53 5.455826523336656e-15 0.0
46615.53 5.906862923464016e-15 0.0
46625.53 5.991868512088766e-15 0.0
46635.53 5.651806529930878e-15 0.0
46645.53 5.780634177560777e-15 0.0
