reference_uv_spectra/lya_masked/M1.5-3472-gj832-muscles.spec
# %ECSV 0.9
# ---
# datatype:
# - {name: w, datatype: float64}
# - {name: f, datatype: float64}
# - {name: e, datatype: float64}
# meta: !!omap
# - {distance: 10}
# - {w0: 1170.0}
# - {filename: M1.5-3472-gj832-muscles.spec}
# schema: astropy-2.0
w f e
[from data line 698]
1333.2819999999992 1e-20 3.003326488276972e-17
1333.3319999999992 1e-20 3.013526591396951e-17
1333.3819999999992 1e-20 3.120810314634074e-17
1333.431999999999 9.88094608332393e-18 3.202744939296833e-17
1333.481999999999 2.812404368548523e-17 3.373023879841613e-17
1333.531999999999 2.10866667663576e-17 3.305581367903984e-17
1333.581999999999 1e-20 3.115671519008478e-17
1333.631999999999 1.4047432139874453e-17 3.2390438517156126e-17
1333.6819999999989 6.9172856909225394e-18 3.1674271040236604e-17
1333.7319999999988 1.7965329407601796e-17 3.2726438504301836e-17
1333.7819999999988 8.15783124543981e-18 3.184839634001307e-17
1333.8319999999987 1.5608210762986044e-17 3.2470422392215375e-17
1333.8819999999987 3.894260345408472e-18 3.132780008357766e-17
1333.9319999999987 1.7991370311423587e-17 3.25076402401446e-17
1333.9819999999986 1.1697723541042216e-17 3.206270503909808e-17
1334.0319999999986 2.7184555901116393e-17 3.335977500998668e-17
1334.0819999999985 4.0411586340802837e-17 3.457322188248707e-17
1334.1319999999985 1.9397020635581452e-17 3.2893172693160696e-17
1334.1819999999984 1.8531436830058e-17 3.2958149013277327e-17
1334.2319999999984 4.1799630305724025e-17 3.4946517423987105e-17
1334.2819999999983 7.42805985520493e-17 3.741374103578165e-17
1334.3319999999983 1.4474881599024635e-16 4.2193875527222965e-17
1334.3819999999982 2.0389390964144626e-16 4.5619525468039805e-17
1334.4319999999982 3.37947419819127e-16 5.205872420703232e-17
1334.4819999999982 8.442434874204496e-16 6.99556344013125e-17
1334.531999999998 1.888606270770912e-15 9.408686674827385e-17
1334.581999999998 2.663085413630857e-15 1.0852295484568597e-16
1334.631999999998 2.1009121972503173e-15 9.823024791957173e-17
1334.681999999998 1.2017457307834385e-15 7.878392343646979e-17
1334.731999999998 6.432672243391021e-16 6.284263271381336e-17
1334.7819999999979 3.314464033858744e-16 5.104861932554725e-17
1334.8319999999978 2.2192204584487715e-16 4.5603362277320913e-17
1334.8819999999978 1.4166784315183846e-16 4.1179529714796057e-17
1334.9319999999977 1.308897402772598e-16 4.06294515582797e-17
1334.9819999999977 6.226741143837394e-17 3.6096402306921484e-17
1335.0319999999977 5.2043828071869397e-17 3.529931283520394e-17
1335.0819999999976 4.1470967309086475e-17 3.4558263475555186e-17
1335.1319999999976 3.862662078759831e-17 3.4363663242136876e-17
1335.1819999999975 5.31287132919035e-17 3.5399544361265724e-17
1335.2319999999975 6.233248147863858e-17 3.616084088471222e-17
1335.2819999999974 5.4771144310748584e-17 3.5649257821504713e-17
1335.3319999999974 4.3665501785126204e-17 3.480299616569294e-17
1335.3819999999973 7.145525448327976e-17 3.7039482615964335e-17
1335.4319999999973 8.69001940757871e-17 3.799543714947067e-17
1335.4819999999972 1.9676099284842838e-16 4.5133293196395176e-17
1335.5319999999972 3.509587495293172e-16 5.296956640767511e-17
1335.5819999999972 6.311003536271067e-16 6.332612702978801e-17
1335.631999999997 1.4646755917791306e-15 8.58915873800762e-17
1335.681999999997 3.1546420235104136e-15 1.1826447093517166e-16
1335.731999999997 4.3577341194437505e-15 1.3639680553734919e-16
1335.781999999997 3.5107935850314457e-15 1.2501341180456124e-16
1335.831999999997 2.2912417672085674e-15 1.0345187739401001e-16
1335.8819999999969 1.1939174367829802e-15 7.890357612599191e-17
1335.9319999999968 6.949715232583762e-16 6.450635581420315e-17
1335.9819999999968 4.429049432794127e-16 5.567549162781504e-17
1336.0319999999967 2.2142831718629352e-16 4.611260184487871e-17
1336.0819999999967 1.7069822805288336e-16 4.3056528110392465e-17
1336.1319999999967 1.1003253534547177e-16 3.9587203729254786e-17
1336.1819999999966 9.562657780493632e-17 3.8730816522094634e-17
1336.2319999999966 4.249119430546256e-17 3.4832454369848146e-17
1336.2819999999965 5.067091595444496e-17 3.5555533303177894e-17
1336.3319999999965 4.783312222416332e-17 3.5306975163334103e-17
1336.3819999999964 1.7176148252460644e-17 3.2721553688910916e-17
1336.4319999999964 2.4598507444871684e-17 3.334554912987611e-17
1336.4819999999963 7.174009251768268e-18 3.183164423244326e-17
1336.5319999999963 2.986779759667995e-17 3.3848052054659e-17
1336.5819999999962 3.2893765396632937e-17 3.412207819211906e-17
1336.6319999999962 7.162140555019604e-18 3.1825061441127765e-17
1336.6819999999962 1.7965103512006374e-17 3.274381863550297e-17
1336.731999999996 8.531635402272399e-18 3.184994803820236e-17
1336.781999999996 1.0034589540480267e-17 3.207356130347877e-17
1336.831999999996 1.1686652471819604e-17 3.231320171683149e-17
1336.881999999996 5.649515094052384e-18 3.1744390311479415e-17
1336.931999999996 1.6330706301236178e-18 3.131251177226061e-17
1336.9819999999959 1.163109029558445e-17 3.2413634832535995e-17
1337.0319999999958 6.044366298112674e-18 3.1786649537135716e-17
1337.0819999999958 1.2258787773117964e-17 3.230072993881596e-17
1337.1319999999957 1.0596519618304021e-17 3.211581063227072e-17
1337.1819999999957 6.1012338685907476e-18 3.156087549227502e-17
1337.2319999999957 1e-20 3.044215908012905e-17
1337.2819999999956 4.511055426968315e-18 3.143980270432339e-17
1337.3319999999956 1.253174877843041e-18 3.118974330908815e-17
1337.3819999999955 1e-20 3.0643654380131884e-17
1337.4319999999955 7.011550210103841e-18 3.1768215845086317e-17
1337.4819999999954 4.0944390028030175e-18 3.146556587060904e-17
1337.5319999999954 6.4514909358242784e-18 3.161385412180775e-17
1337.5819999999953 2.311880248167515e-17 3.313801707265506e-17
1337.6319999999953 1.0972604969959097e-17 3.2061625874251155e-17
1337.6819999999952 1e-20 3.502818779866948e-17
1337.708 4.7745355508236e-18 3.2088612184499996e-18
1347.708 9.239859709494078e-18 2.292766316616393e-18
1357.708 7.848603521032624e-18 1.7820084577553926e-18
1367.708 1.136339046367141e-17 2.3997546202100094e-18
1377.708 6.3739918876886644e-18 2.4176426960345482e-18
1387.708 6.697474255427424e-18 2.9380582448508427e-18
1391.76 8.084345179300173e-18 5.526374104467699e-18
1391.81 1e-20 3.4173595607823425e-17
1391.86 3.205957178113972e-18 3.508559964376062e-17
1391.9099999999999 2.3681725907190767e-18 3.4952574098783674e-17
1391.9599999999998 3.1764678984706115e-18 3.508007193021802e-17
1392.0099999999998 4.633410793700686e-18 3.5229375242930014e-17
1392.0599999999997 1e-20 3.46661471031404e-17
1392.1099999999997 6.026734181955761e-19 3.470204345173816e-17
1392.1599999999996 1.801443364776792e-17 3.6354714587257636e-17
1392.2099999999996 1.9276681436597432e-17 3.6353247063866597e-17
1392.2599999999995 1.0744411100678794e-18 3.483588631137537e-17
1392.3099999999995 7.834422742367513e-18 3.540187620575255e-17
1392.3599999999994 1e-20 3.398783525017842e-17
1392.4099999999994 1e-20 3.43377689445912e-17
1392.4599999999994 3.294733681024437e-18 3.513957883841042e-17
1392.5099999999993 2.5035667876756155e-18 3.535412439232036e-17
1392.5599999999993 1.8524264209002354e-17 3.6578628855687857e-17
1392.6099999999992 1.2937809477175766e-17 3.602616248486409e-17
1392.6599999999992 2.235119623897422e-19 3.505476841435839e-17
1392.7099999999991 7.86416824403262e-18 3.5655058963844086e-17
1392.759999999999 3.048976501478582e-18 3.513633267765749e-17
1392.809999999999 1.227517381917528e-17 3.5937264277629873e-17
1392.859999999999 1e-20 3.483134060343116e-17
1392.909999999999 3.107263052059062e-17 3.743100594498124e-17
1392.959999999999 1e-20 3.479969911459329e-17
1393.0099999999989 1e-20 3.405838873959476e-17
1393.0599999999988 9.408839719965196e-18 3.573237739124048e-17
1393.1099999999988 1.318279891759646e-17 3.595600537021417e-17
1393.1599999999987 4.805712705170052e-18 3.5215884660807625e-17
1393.2099999999987 3.217557627657669e-17 3.7689939589215636e-17
1393.2599999999986 4.074055255486301e-17 3.8351888316347207e-17
1393.3099999999986 3.540592748348484e-17 3.7834158633471266e-17
1393.3599999999985 5.4757052608945724e-17 3.9323559465258356e-17
1393.4099999999985 9.057542085949419e-17 4.190764961534679e-17
1393.4599999999984 8.79676075958878e-17 4.182481983531439e-17
1393.5099999999984 1.3054074011347036e-16 4.4374696125885456e-17
1393.5599999999984 1.8418306093230903e-16 4.724240070849621e-17
1393.6099999999983 3.7235237890997807e-16 5.67278670467308e-17
1393.6599999999983 6.806050866271937e-16 6.84573105775208e-17
1393.7099999999982 1.4785602017586e-15 9.039668322725357e-17
1393.7599999999982 2.042279104608935e-15 1.0280675849959119e-16
1393.8099999999981 1.9785379130539243e-15 1.0202240174707229e-16
1393.859999999998 1.1426968619532762e-15 8.256632093451131e-17
1393.909999999998 7.484010553321724e-16 7.04575627210882e-17
1393.959999999998 6.118959681067481e-16 6.564875032870905e-17
1394.009999999998 4.4044130934060786e-16 5.919832842734086e-17
1394.059999999998 3.424911783587391e-16 5.539229449978609e-17
1394.1099999999979 2.3887689047494605e-16 4.983095807853699e-17
1394.1599999999978 1.617331652320336e-16 4.606470314023305e-17
1394.2099999999978 1.494075364575789e-16 4.470728526379416e-17
1394.2599999999977 1.4055257096813116e-16 4.445176984620611e-17
1394.3099999999977 1.0129442124832702e-16 4.2150921920027655e-17
1394.3599999999976 9.836889251999707e-17 4.2000722887741477e-17
1394.4099999999976 4.9810288475580035e-17 3.8783159288018184e-17
1394.4599999999975 5.450800666147023e-17 3.928901512768935e-17
1394.5099999999975 5.1601771608537076e-17 3.9039520229831077e-17
1394.5599999999974 3.616828701864341e-17 3.7914102454155333e-17
1394.6099999999974 6.192638743955234e-18 3.521656325890757e-17
1394.6599999999974 7.874120008413488e-18 3.549045867672996e-17
1394.7099999999973 2.8197244312837087e-17 3.710854022832784e-17
1394.7599999999973 9.101591928931923e-18 3.56530223772199e-17
1394.8099999999972 1e-20 3.41986674446174e-17
1394.8599999999972 1.7480370099435434e-17 3.6370066174698025e-17
1394.9099999999971 1e-20 3.477349402354679e-17
1394.959999999997 1e-20 3.485616019242159e-17
1395.009999999997 3.126598790657299e-17 3.7520879361245754e-17
1395.059999999997 1.553872713310836e-17 3.636958850380494e-17
1395.109999999997 1.432464556011304e-17 3.636016513339408e-17
1395.159999999997 1e-20 3.504613951808204e-17
1395.2099999999969 4.756144757122013e-18 3.548409504539486e-17
1395.2599999999968 1.6958815444513506e-17 3.664959557791981e-17
1395.3099999999968 1e-20 3.481601917856473e-17
1395.3599999999967 1.2236772229959783e-17 3.631809996079029e-17
1395.4099999999967 1.6351723241871732e-17 3.6454003623704774e-17
1395.4599999999966 1.5518690459915003e-17 3.644638874390011e-17
1395.5099999999966 3.077395117565878e-17 3.7759508050165633e-17
1395.5599999999965 1e-20 3.4703215504982414e-17
1395.6099999999965 9.445390658183513e-18 3.598812741562971e-17
1395.6599999999964 1e-20 3.4948766150554136e-17
1395.7099999999964 6.287190348638764e-18 3.5673196245434023e-17
1395.76 9.475119483801204e-18 5.079113875163073e-18
1400.77 9.438916597481034e-18 5.131743766309861e-18
1400.82 1e-20 3.478271633530861e-17
1400.87 2.2534471399763507e-17 3.766617613946707e-17
1400.9199999999998 1.8202884499665353e-17 3.721250815817977e-17
1400.9699999999998 4.0061365501149977e-17 3.900600790064586e-17
1401.0199999999998 2.5610160239242713e-17 3.763228373685285e-17
1401.0699999999997 1.0956209735554059e-16 4.4326821867529496e-17
1401.1199999999997 1.9410050465167866e-16 4.922390058269438e-17
1401.1699999999996 2.3766613680963945e-16 5.173125419398605e-17
1401.2199999999996 1.2852400525611403e-16 4.54761669876107e-17
1401.2699999999995 9.419514860702743e-17 4.315201201194356e-17
1401.3199999999995 4.625822465995165e-17 3.950438574515021e-17
1401.3699999999994 3.5872530973288226e-17 3.8819018722743475e-17
1401.4199999999994 4.644631242883558e-17 3.955585955141493e-17
1401.4699999999993 2.457167330773851e-17 3.781618317103459e-17
1401.5199999999993 3.3411250939182844e-17 3.8607835684993946e-17
1401.5699999999993 1.6779486292337214e-17 3.7251368623775354e-17
1401.6199999999992 2.2795850521519895e-17 3.7677005097133275e-17
1401.6699999999992 2.5557581307127646e-17 3.783938399136613e-17
1401.7199999999991 1.417683512177764e-17 3.704355238551683e-17
1401.769999999999 4.024942555261543e-18 3.612622989688304e-17
1401.819999999999 7.524195584567866e-18 3.6438056650384724e-17
1401.869999999999 3.9228010873900196e-17 3.9068534217381756e-17
1401.919999999999 4.283836102102532e-18 3.6193202355736254e-17
1401.969999999999 3.0089128279885655e-17 3.846321130761412e-17
1402.0199999999988 9.707981583262381e-18 3.6716030812509737e-17
1402.0699999999988 6.688080409572433e-19 3.586851266251431e-17
1402.1199999999988 1.8131224710269015e-17 3.7788231522063826e-17
1402.1699999999987 2.124059632571808e-17 3.7582951231749805e-17
1402.2199999999987 9.810218921892896e-18 3.664621267100022e-17
1402.2699999999986 3.538575660346845e-17 3.893351554061633e-17
1402.3199999999986 2.0579749371258496e-17 3.766880641865114e-17
1402.3699999999985 4.6164480486698e-17 3.9971798741834373e-17
1402.4199999999985 5.214979051216371e-17 4.068650376710051e-17
1402.4699999999984 5.986007779706972e-17 4.1046157083246286e-17
1402.5199999999984 9.750292179767946e-17 4.337613574778868e-17
1402.5699999999983 1.1978718241075943e-16 4.4922438031353074e-17
1402.6199999999983 2.959147627384001e-16 5.4323359592318274e-17
1402.6699999999983 4.767535326214591e-16 6.234534728565162e-17
1402.7199999999982 9.521190089883795e-16 7.81435496985806e-17
1402.7699999999982 1.2380277266107681e-15 8.611123954553666e-17
1402.8199999999981 8.665001973420067e-16 7.560258837501529e-17
1402.869999999998 5.609373778542058e-16 6.527728474658066e-17
1402.919999999998 4.3406591247595835e-16 6.040195363850847e-17
1402.969999999998 2.865856979317101e-16 5.382827000390034e-17
1403.019999999998 2.428400155856327e-16 5.147130876338363e-17
1403.069999999998 1.4908490856380055e-16 4.669839661571286e-17
1403.1199999999978 1.0093501008563549e-16 4.35680315054299e-17
1403.1699999999978 1.0070366097578628e-16 4.360988308686405e-17
1403.2199999999978 9.998516564431248e-17 4.337808780608262e-17
1403.2699999999977 6.60772583253891e-17 4.096679995632768e-17
1403.3199999999977 5.682634559666808e-17 4.0515339393544244e-17
1403.3699999999976 4.926002779381814e-17 4.012958203832696e-17
1403.4199999999976 1.5787275552448038e-17 3.779364578569697e-17
1403.4699999999975 1.8950876076726075e-18 3.6233706608840466e-17
1403.5199999999975 1.3877755424253882e-17 3.720466681794795e-17
1403.5699999999974 1.5800671522200955e-18 3.633086461349525e-17
1403.6199999999974 1.3033166161587118e-17 3.749834679341171e-17
1403.6699999999973 1e-20 3.549564941076101e-17
1403.7199999999973 1.49743522802624e-18 3.6489388422604483e-17
1403.7699999999973 4.176652213273518e-18 3.652764838598921e-17
1403.8199999999972 1.487631462403575e-17 3.7558054868694385e-17
1403.8699999999972 2.485600041069085e-18 3.6240081238122376e-17
1403.9199999999971 1.5700033457456965e-17 3.742727506815187e-17
1403.969999999997 2.0089133411716466e-17 3.7709481309151615e-17
1404.019999999997 6.390593040847128e-20 3.603784152476754e-17
1404.069999999997 6.157124119979408e-18 3.655635669727795e-17
1404.119999999997 1.483276756740172e-17 3.727482500883788e-17
1404.169999999997 2.3905394005977546e-17 3.8089939007167273e-17
1404.2199999999968 9.439716748566898e-18 3.684475631812822e-17
1404.2699999999968 1e-20 3.579029599351818e-17
1404.3199999999968 1e-20 3.5737998374316105e-17
1404.3699999999967 1e-20 3.542747258297135e-17
1404.4199999999967 1.7475663510412433e-17 3.763232158784226e-17
1404.4699999999966 8.197844712108529e-18 3.683214183543027e-17
1404.5199999999966 5.998736971806275e-18 3.6586974730114275e-17
1404.5699999999965 1.0431372502021573e-17 3.673576313857098e-17
1404.6199999999965 1.5544639184393387e-17 3.7403580552449157e-17
1404.6699999999964 1.9120412074705746e-17 3.7877280600115415e-17
1404.7199999999964 7.013641063539394e-17 4.211332661748081e-17
1404.77 1.2626987571378403e-17 3.7488713189620485e-18
1414.77 1.003739517505058e-17 2.7400455505668917e-18
1424.77 8.78220635530614e-18 2.8179301242078646e-18
1434.77 1.39266374158475e-17 3.481664032742223e-18
1444.77 1.3115776008947729e-17 3.839179236141757e-18
