reference_uv_spectra/lya_masked/M2.5-3679-gj176-muscles.spec
# %ECSV 0.9
# ---
# datatype:
# - {name: w, datatype: float64}
# - {name: f, datatype: float64}
# - {name: e, datatype: float64}
# meta: !!omap
# - {distance: 10}
# - {w0: 1170.0}
# - {filename: M2.5-3679-gj176-muscles.spec}
# schema: astropy-2.0
w f e
[from data line 2946]
15195.53 5.340270461563956e-13 0.0
15205.53 5.356029775258715e-13 0.0
15215.53 5.423739678851553e-13 0.0
15225.53 5.325367200648623e-13 0.0
15235.53 5.303654147653058e-13 0.0
15245.53 5.310408392918166e-13 0.0
15255.53 5.308569299154159e-13 0.0
15265.53 5.02202105047466e-13 0.0
15275.53 5.344057213684495e-13 0.0
15285.53 4.99289023807773e-13 0.0
15295.53 5.263333105658489e-13 0.0
15305.53 5.400622601558169e-13 0.0
15315.53 5.270752897588203e-13 0.0
15325.53 5.216277883909537e-13 0.0
15335.53 5.097562092978088e-13 0.0
15345.53 5.310911701735074e-13 0.0
15355.53 5.367879067343953e-13 0.0
15365.53 5.334274735876411e-13 0.0
15375.53 4.887205153682123e-13 0.0
15385.53 5.05001637947904e-13 0.0
15395.53 5.078395614766558e-13 0.0
15405.53 4.873160020023374e-13 0.0
15415.53 5.203970524052053e-13 0.0
15425.53 4.794310018518413e-13 0.0
15435.53 5.02138807318558e-13 0.0
15445.53 5.294079270763846e-13 0.0
15455.53 5.294143016316922e-13 0.0
15465.53 5.163509361814165e-13 0.0
15475.53 5.16395113958608e-13 0.0
15485.53 5.264002531453578e-13 0.0
15495.53 5.250044123949817e-13 0.0
15505.53 4.984834127139422e-13 0.0
15515.53 5.226675257667347e-13 0.0
15525.53 5.357622082003072e-13 0.0
15535.53 5.027826585066714e-13 0.0
15545.53 5.034112081899284e-13 0.0
15555.53 5.230327962721993e-13 0.0
15565.53 4.951575361377584e-13 0.0
15575.53 4.895013351077567e-13 0.0
15585.53 5.258694920855068e-13 0.0
15595.53 5.144373486548159e-13 0.0
15605.53 5.224547294778093e-13 0.0
15615.53 5.203863122257921e-13 0.0
15625.53 5.028754621957644e-13 0.0
15635.53 5.227859142622716e-13 0.0
15645.53 5.270233489685905e-13 0.0
15655.53 4.891571455615093e-13 0.0
15665.53 5.258255857798933e-13 0.0
15675.53 5.315897591905673e-13 0.0
15685.53 5.205361564760851e-13 0.0
15695.53 5.197245702436785e-13 0.0
15705.53 5.193717467963838e-13 0.0
15715.53 5.024505996650231e-13 0.0
15725.53 4.94593706749271e-13 0.0
15735.53 5.119549800617151e-13 0.0
15745.53 5.11188609298871e-13 0.0
15755.53 4.880013666895306e-13 0.0
15765.53 4.982459946582244e-13 0.0
15775.53 4.98642847363176e-13 0.0
15785.53 5.123831794469056e-13 0.0
15795.53 5.268907156772847e-13 0.0
15805.53 5.240777209436756e-13 0.0
15815.53 5.250766282879534e-13 0.0
15825.53 5.154512318409576e-13 0.0
15835.53 5.077822051921138e-13 0.0
15845.53 5.1274711115145e-13 0.0
15855.53 5.288816365331791e-13 0.0
15865.53 5.175657245278745e-13 0.0
15875.53 5.251130642128756e-13 0.0
15885.53 5.060823221282753e-13 0.0
15895.53 4.676818098455627e-13 0.0
15905.53 5.101094476382192e-13 0.0
15915.53 4.957819435804257e-13 0.0
15925.53 5.206672480488091e-13 0.0
15935.53 5.202244163962677e-13 0.0
15945.53 5.242640824895576e-13 0.0
15955.53 5.280692821988883e-13 0.0
15965.53 5.220835616500405e-13 0.0
15975.53 5.153034276767147e-13 0.0
15985.53 5.188645367162025e-13 0.0
15995.53 5.218780905103975e-13 0.0
16005.53 5.228566557202771e-13 0.0
16015.53 5.174721987286356e-13 0.0
16025.53 5.152885501715706e-13 0.0
16035.53 5.078936815983692e-13 0.0
16045.53 5.0220816405041e-13 0.0
16055.53 4.942060910683938e-13 0.0
16065.53 4.919842745332351e-13 0.0
16075.53 4.826054904607647e-13 0.0
16085.53 5.226292579854122e-13 0.0
16095.53 5.217844761997726e-13 0.0
16105.53 5.16813733520031e-13 0.0
16115.53 5.204800303839799e-13 0.0
16125.53 5.084962933427625e-13 0.0
16135.53 4.965825146154695e-13 0.0
16145.53 5.077078678664136e-13 0.0
16155.53 4.432589672019902e-13 0.0
16165.53 4.969974153080197e-13 0.0
16175.53 5.225716793526537e-13 0.0
16185.53 5.109259919516782e-13 0.0
16195.53 4.446209548150307e-13 0.0
16205.53 4.5248003431258717e-13 0.0
16215.53 4.958078331640479e-13 0.0
16225.53 4.85290380974423e-13 0.0
16235.53 4.965220441541609e-13 0.0
16245.53 5.010196433348395e-13 0.0
16255.53 4.698924257407976e-13 0.0
16265.53 4.897392231019859e-13 0.0
16275.53 5.10980991398891e-13 0.0
16285.53 5.193815726987736e-13 0.0
16295.53 5.143901873665259e-13 0.0
16305.53 5.013562808083692e-13 0.0
16315.53 4.921774314073884e-13 0.0
16325.53 5.151304665567621e-13 0.0
16335.53 5.114404059328423e-13 0.0
16345.53 4.942541180454489e-13 0.0
16355.53 4.755774708048453e-13 0.0
16365.53 4.960077536176264e-13 0.0
16375.53 4.984565378709508e-13 0.0
16385.53 5.038456279373431e-13 0.0
16395.53 4.965730281664137e-13 0.0
16405.53 5.050642760713284e-13 0.0
16415.53 5.017273615308763e-13 0.0
16425.53 5.127909747397195e-13 0.0
16435.53 5.076796733543543e-13 0.0
16445.53 4.755451623520302e-13 0.0
16455.53 4.63955481877122e-13 0.0
16465.53 5.11031756698965e-13 0.0
16475.53 4.850050015013384e-13 0.0
16485.53 5.046088829947081e-13 0.0
16495.53 5.076580653124248e-13 0.0
16505.53 5.04495942429634e-13 0.0
16515.53 5.090402794846166e-13 0.0
16525.53 4.766869846680099e-13 0.0
16535.53 4.911145048592487e-13 0.0
16545.53 4.910964208474382e-13 0.0
16555.53 5.06807176004487e-13 0.0
16565.53 5.080886608387623e-13 0.0
16575.53 5.056227864014454e-13 0.0
16585.53 4.832984883608897e-13 0.0
16595.53 5.049660885141813e-13 0.0
16605.53 4.854704722922422e-13 0.0
16615.53 4.942463435432855e-13 0.0
16625.53 4.978791260860555e-13 0.0
16635.53 4.935604173314818e-13 0.0
16645.53 5.002826164816253e-13 0.0
16655.53 4.60883428837355e-13 0.0
16665.53 4.851808969564192e-13 0.0
16675.53 4.937959463624447e-13 0.0
16685.53 4.990705453597866e-13 0.0
16695.53 4.91816513409509e-13 0.0
16705.53 4.751906622933445e-13 0.0
16715.53 4.627546644697622e-13 0.0
16725.53 4.527333698885431e-13 0.0
16735.53 4.725144977614038e-13 0.0
16745.53 4.879363907358984e-13 0.0
16755.53 4.2918152363988224e-13 0.0
16765.53 4.684896027441471e-13 0.0
16775.53 4.925443266768942e-13 0.0
16785.53 4.958776425773558e-13 0.0
16795.53 4.89948024966008e-13 0.0
16805.53 4.90851378618549e-13 0.0
16815.53 4.925788948513198e-13 0.0
16825.53 4.90244887488569e-13 0.0
16835.53 4.84757929995582e-13 0.0
16845.53 4.879396492905063e-13 0.0
16855.53 4.861771631418696e-13 0.0
16865.53 4.735143949046259e-13 0.0
16875.53 4.65217668956629e-13 0.0
16885.53 4.4744478456819806e-13 0.0
16895.53 4.674178840037756e-13 0.0
16905.53 4.314359619072929e-13 0.0
16915.53 4.672338707918889e-13 0.0
16925.53 4.816715331303141e-13 0.0
16935.53 4.840623194762632e-13 0.0
16945.53 4.787552303087532e-13 0.0
16955.53 4.722153887699893e-13 0.0
16965.53 4.777475824105651e-13 0.0
16975.53 4.722122606068392e-13 0.0
16985.53 4.783240361140869e-13 0.0
16995.53 4.693560700861498e-13 0.0
17005.53 4.634352372268751e-13 0.0
17015.53 4.739256148302276e-13 0.0
17025.53 4.687580879100139e-13 0.0
17035.53 4.712755493929444e-13 0.0
17045.53 4.67438180480699e-13 0.0
17055.53 4.4705612144364853e-13 0.0
17065.53 4.549834422632625e-13 0.0
17075.53 4.4544253538323847e-13 0.0
17085.53 4.571701412337939e-13 0.0
17095.53 4.422264929610166e-13 0.0
17105.53 4.052699746009058e-13 0.0
17115.53 4.139567938283648e-13 0.0
17125.53 4.4364714997812576e-13 0.0
17135.53 4.561402357798787e-13 0.0
17145.53 4.5428631092358396e-13 0.0
17155.53 4.5185606275836854e-13 0.0
17165.53 4.4986011629957824e-13 0.0
17175.53 4.3426613284589577e-13 0.0
17185.53 4.3946387332827136e-13 0.0
17195.53 4.3873658581787613e-13 0.0
17205.53 4.400143569675505e-13 0.0
17215.53 4.464080718554201e-13 0.0
17225.53 4.333030500860527e-13 0.0
17235.53 4.3091550332828713e-13 0.0
17245.53 4.149929502175131e-13 0.0
17255.53 4.4637519539107864e-13 0.0
17265.53 4.308441397744609e-13 0.0
17275.53 4.4159493937765164e-13 0.0
17285.53 4.3598454912627783e-13 0.0
17295.53 4.377727563591163e-13 0.0
17305.53 4.4092567731634674e-13 0.0
17315.53 3.992450554266906e-13 0.0
17325.53 4.2165507205354714e-13 0.0
17335.53 4.2569539023862573e-13 0.0
17345.53 3.994078067135005e-13 0.0
17355.53 4.2692430803878784e-13 0.0
17365.53 4.2916246188851084e-13 0.0
17375.53 4.307825989654279e-13 0.0
17385.53 4.1691452153885395e-13 0.0
17395.53 4.2688651538860307e-13 0.0
17405.53 4.1284936982543733e-13 0.0
17415.53 4.1654011820586513e-13 0.0
17425.53 4.034378843549501e-13 0.0
17435.53 4.1411566164083427e-13 0.0
17445.53 4.221630023265524e-13 0.0
17455.53 4.2628477675419134e-13 0.0
17465.53 4.1805104850048177e-13 0.0
17475.53 4.1539790019033775e-13 0.0
17485.53 4.2385961157430084e-13 0.0
17495.53 4.0810235331996693e-13 0.0
17505.53 3.9474198247608117e-13 0.0
17515.53 4.12890092952201e-13 0.0
17525.53 4.125667967157747e-13 0.0
17535.53 3.947587677620522e-13 0.0
17545.53 3.924188336042213e-13 0.0
17555.53 3.982676869977686e-13 0.0
17565.53 4.0153280295654456e-13 0.0
17575.53 4.0942133742827914e-13 0.0
17585.53 3.9224148625542503e-13 0.0
17595.53 3.934340083600977e-13 0.0
17605.53 3.900986534008618e-13 0.0
17615.53 3.9457259053335197e-13 0.0
17625.53 3.782658676508147e-13 0.0
17635.53 4.0676200288877463e-13 0.0
17645.53 3.952949676013497e-13 0.0
17655.53 3.929841500270419e-13 0.0
17665.53 3.912024724998909e-13 0.0
17675.53 3.9137817396821396e-13 0.0
17685.53 3.734712153691323e-13 0.0
17695.53 4.0166250091555576e-13 0.0
17705.53 3.9151610030885013e-13 0.0
17715.53 3.8851202255728247e-13 0.0
17725.53 3.7319653983072267e-13 0.0
17735.53 4.0048767280074825e-13 0.0
17745.53 3.8384169178413396e-13 0.0
17755.53 3.820246674162532e-13 0.0
17765.53 3.7245658282253735e-13 0.0
17775.53 3.6926632610949154e-13 0.0
17785.53 3.713804498981742e-13 0.0
17795.53 3.801777044580861e-13 0.0
17805.53 3.7948085301465464e-13 0.0
17815.53 3.717816890931106e-13 0.0
17825.53 3.447648320143103e-13 0.0
17835.53 3.8386098373606483e-13 0.0
17845.53 3.7356874244108914e-13 0.0
17855.53 3.533977319576061e-13 0.0
17865.53 3.5483853030977897e-13 0.0
17875.53 3.658198193640833e-13 0.0
17885.53 3.7669982057953656e-13 0.0
17895.53 3.7902877989392817e-13 0.0
17905.53 3.6079877686890775e-13 0.0
17915.53 3.662258752575346e-13 0.0
17925.53 3.7482208858112194e-13 0.0
17935.53 3.6280041002731886e-13 0.0
17945.53 3.588371824857586e-13 0.0
17955.53 3.695885262741999e-13 0.0
17965.53 3.5520992872357343e-13 0.0
17975.53 3.7356469855326683e-13 0.0
17985.53 3.647260477705363e-13 0.0
17995.53 3.532471638441233e-13 0.0
18005.53 3.454376713602838e-13 0.0
18015.53 3.5366082013856776e-13 0.0
18025.53 3.379159710265953e-13 0.0
18035.53 3.4475809811495277e-13 0.0
18045.53 3.4138776411522165e-13 0.0
18055.53 3.460959660108635e-13 0.0
18065.53 3.5973227732999393e-13 0.0
18075.53 3.4627171980348886e-13 0.0
18085.53 3.5331189332092855e-13 0.0
18095.53 3.66324071143067e-13 0.0
18105.53 3.344071719226501e-13 0.0
18115.53 3.496850413185471e-13 0.0
18125.53 3.4359011316443683e-13 0.0
18135.53 3.430527689576541e-13 0.0
18145.53 3.551955535935877e-13 0.0
18155.53 3.5871271510260025e-13 0.0
18165.53 3.5341360420277506e-13 0.0
18175.53 3.481948487706087e-13 0.0
18185.53 3.3476380744370917e-13 0.0
18195.53 3.377703127918691e-13 0.0
18205.53 3.3345851939178964e-13 0.0
18215.53 3.298104021609029e-13 0.0
18225.53 3.4342267404061654e-13 0.0
18235.53 3.645764941386537e-13 0.0
18245.53 3.4932038702955147e-13 0.0
18255.53 3.441086016799686e-13 0.0
18265.53 3.1892208234488967e-13 0.0
18275.53 3.255752359714405e-13 0.0
18285.53 3.333068032242431e-13 0.0
18295.53 3.3989692837132583e-13 0.0
18305.53 3.418817381454813e-13 0.0
18315.53 3.3645499795269487e-13 0.0
18325.53 3.310723369417204e-13 0.0
18335.53 3.4194115456246453e-13 0.0
18345.53 3.35040264701365e-13 0.0
18355.53 3.411568027387089e-13 0.0
18365.53 3.3616394871551984e-13 0.0
18375.53 3.296660974037627e-13 0.0
18385.53 3.45763510445866e-13 0.0
18395.53 3.2085535910255294e-13 0.0
18405.53 3.3132373471391527e-13 0.0
18415.53 3.324810289158424e-13 0.0
18425.53 3.193165561912271e-13 0.0
18435.53 3.122384135095465e-13 0.0
18445.53 3.2502434197480775e-13 0.0
18455.53 3.2367161416515496e-13 0.0
18465.53 2.877063619556687e-13 0.0
18475.53 3.045904610750892e-13 0.0
18485.53 3.1620415760832693e-13 0.0
18495.53 3.188199388105251e-13 0.0
18505.53 3.2567405601106717e-13 0.0
18515.53 3.203090892293439e-13 0.0
18525.53 3.10483919141748e-13 0.0
18535.53 3.1668896804589936e-13 0.0
18545.53 3.2053955205897296e-13 0.0
18555.53 3.1776216951000045e-13 0.0
18565.53 2.932128627541396e-13 0.0
18575.53 3.033939595207911e-13 0.0
18585.53 2.969701486245398e-13 0.0
18595.53 3.0833407647610914e-13 0.0
18605.53 3.0014087325115245e-13 0.0
18615.53 3.0667672511997824e-13 0.0
18625.53 3.1050668450481123e-13 0.0
18635.53 3.1370382941584645e-13 0.0
18645.53 3.107539172616526e-13 0.0
18655.53 3.08379300891299e-13 0.0
18665.53 3.1501529785739685e-13 0.0
18675.53 3.105617658227214e-13 0.0
18685.53 3.184643923964887e-13 0.0
18695.53 3.199225539796055e-13 0.0
18705.53 3.1086633445698e-13 0.0
18715.53 3.0981019915414813e-13 0.0
18725.53 2.963154752388292e-13 0.0
18735.53 2.9293067830769547e-13 0.0
18745.53 3.114020395731189e-13 0.0
18755.53 3.170936897631971e-13 0.0
18765.53 3.022595467036034e-13 0.0
18775.53 3.0003016077746017e-13 0.0
18785.53 2.9708074581622074e-13 0.0
18795.53 3.035450435057938e-13 0.0
18805.53 3.165229337073624e-13 0.0
18815.53 3.0316163984092066e-13 0.0
18825.53 3.2412301085397244e-13 0.0
18835.53 3.158523041881265e-13 0.0
18845.53 2.9283203394584537e-13 0.0
18855.53 2.9704711662033434e-13 0.0
18865.53 2.9886588202886937e-13 0.0
18875.53 3.167665671905929e-13 0.0
18885.53 2.9959233388170513e-13 0.0
18895.53 3.1435512781168267e-13 0.0
18905.53 3.02890038435216e-13 0.0
18915.53 2.9144269871919313e-13 0.0
18925.53 2.88521149559191e-13 0.0
18935.53 3.0308523568269904e-13 0.0
18945.53 2.9682912060525707e-13 0.0
18955.53 3.1374650580141366e-13 0.0
18965.53 3.0944735976575635e-13 0.0
18975.53 2.9657375643783575e-13 0.0
18985.53 2.999516600447765e-13 0.0
18995.53 3.074891585812084e-13 0.0
19005.53 3.050549813085796e-13 0.0
19015.53 3.088615934883633e-13 0.0
19025.53 3.0084479004537833e-13 0.0
19035.53 2.9850450519721296e-13 0.0
19045.53 2.959886724549116e-13 0.0
19055.53 2.8978061141822e-13 0.0
19065.53 2.946039595677854e-13 0.0
19075.53 3.066548963841105e-13 0.0
19085.53 2.9576169886302694e-13 0.0
19095.53 2.9883726854337777e-13 0.0
19105.53 2.8492529201353473e-13 0.0
19115.53 2.8702386784477036e-13 0.0
19125.53 3.086234484154987e-13 0.0
19135.53 3.0908799637542154e-13 0.0
19145.53 3.0189578136757955e-13 0.0
19155.53 2.9496486781254357e-13 0.0
19165.53 2.88804674556208e-13 0.0
19175.53 2.992229998010232e-13 0.0
19185.53 3.0257673583463066e-13 0.0
19195.53 2.971482497674773e-13 0.0
19205.53 2.9277172790620493e-13 0.0
19215.53 3.0023703349714427e-13 0.0
19225.53 2.9643606420982705e-13 0.0
19235.53 2.9268045710661594e-13 0.0
19245.53 2.9607180553220166e-13 0.0
19255.53 2.9297839678923006e-13 0.0
19265.53 2.842338438872415e-13 0.0
19275.53 3.077293835808635e-13 0.0
19285.53 2.9229241076234187e-13 0.0
19295.53 2.863648377895979e-13 0.0
19305.53 2.6208274204020147e-13 0.0
19315.53 2.3500736564842745e-13 0.0
19325.53 2.8791562298781434e-13 0.0
19335.53 2.7547823518349644e-13 0.0
19345.53 2.9057513763117344e-13 0.0
19355.53 2.9281947304016064e-13 0.0
19365.53 2.969264314080303e-13 0.0
19375.53 2.926341739698906e-13 0.0
19385.53 2.8249598213103405e-13 0.0
19395.53 2.840642888812401e-13 0.0
19405.53 2.8580162682350485e-13 0.0
19415.53 2.8983868957327373e-13 0.0
19425.53 2.8795091112237797e-13 0.0
19435.53 2.784275924922324e-13 0.0
19445.53 2.652213373048882e-13 0.0
19455.53 2.1731736893066588e-13 0.0
19465.53 2.6711603834827413e-13 0.0
19475.53 2.746004859982418e-13 0.0
19485.53 2.761258305498106e-13 0.0
19495.53 2.841103820878669e-13 0.0
19505.53 2.399946229358282e-13 0.0
19515.53 2.602692389232783e-13 0.0
19525.53 2.7998433733849593e-13 0.0
19535.53 2.8186549214328366e-13 0.0
19545.53 2.8222692227614265e-13 0.0
19555.53 2.7931016071229083e-13 0.0
19565.53 2.759295603579177e-13 0.0
19575.53 2.8787210925740466e-13 0.0
19585.53 2.979188231938079e-13 0.0
19595.53 2.8178591166147157e-13 0.0
19605.53 2.7348906788920654e-13 0.0
19615.53 2.740643112291343e-13 0.0
19625.53 2.8302226620179933e-13 0.0
19635.53 2.718375872006425e-13 0.0
19645.53 2.7949413145209265e-13 0.0
19655.53 2.827681077005788e-13 0.0
19665.53 2.862888026617939e-13 0.0
19675.53 2.7657450786333917e-13 0.0
19685.53 2.7966103543141565e-13 0.0
19695.53 2.8815001166841206e-13 0.0
19705.53 2.763670431726769e-13 0.0
19715.53 2.783071630914885e-13 0.0
