reference_uv_spectra/lya_masked/M2.5-3679-gj176-muscles.spec
# %ECSV 0.9
# ---
# datatype:
# - {name: w, datatype: float64}
# - {name: f, datatype: float64}
# - {name: e, datatype: float64}
# meta: !!omap
# - {distance: 10}
# - {w0: 1170.0}
# - {filename: M2.5-3679-gj176-muscles.spec}
# schema: astropy-2.0
w f e
[from data line 1785]
3585.53 2.4106337335033178e-14 5.860044491821721e-16
3595.53 3.197144111324198e-14 6.385891757746479e-16
3605.53 2.851039082681087e-14 6.122461816870611e-16
3615.53 3.1939705020410795e-14 6.44495066427297e-16
3625.53 3.763705041199861e-14 6.813043503787887e-16
3635.53 3.337991310766048e-14 6.353337142156828e-16
3645.53 3.415988631572651e-14 6.355349470756713e-16
3655.53 3.743714623573604e-14 6.619267981556384e-16
3665.53 4.311414916082868e-14 6.844369873004494e-16
3675.53 3.8760604774054234e-14 6.772419554334746e-16
3685.53 3.695374190209073e-14 6.373760175871359e-16
3695.53 4.3497171226377277e-14 6.726209424795456e-16
3705.53 3.51434058647152e-14 6.190087272358686e-16
3715.53 3.8806771613241044e-14 6.244384524914211e-16
3725.53 2.6916044736575075e-14 5.381139024591953e-16
3735.53 2.666019222124094e-14 5.414694154728917e-16
3745.53 2.6008226111134423e-14 5.250374844960699e-16
3755.53 3.532070079716532e-14 5.743047654032547e-16
3765.53 4.2064638260744376e-14 6.096315123590759e-16
3775.53 4.9284107688468496e-14 6.441667293644291e-16
3785.53 4.973498767075213e-14 6.513947570582948e-16
3795.53 4.433321273995321e-14 6.038878529769919e-16
3805.53 4.7692905161650875e-14 6.156906310716776e-16
3815.53 4.0545723421926296e-14 5.852114317996992e-16
3825.53 3.154326414749638e-14 5.078304110338661e-16
3835.53 3.95738029706943e-14 5.482360932293222e-16
3845.53 4.6044727374417316e-14 5.783787622042559e-16
3855.53 2.58455027858649e-14 5.69573580674797e-16
3865.53 4.153131138220999e-14 5.506788326451007e-16
3875.53 4.516740470701498e-14 5.588859009522737e-16
3885.53 4.534713759970278e-14 5.675503605994107e-16
3895.53 4.9425842687618605e-14 5.83650940205297e-16
3905.53 5.1563943759310195e-14 5.742105126196123e-16
3915.53 5.567172095551939e-14 5.896370998916072e-16
3925.53 4.626197774408664e-14 5.37811267344023e-16
3935.53 4.3829549327648745e-14 5.19243209740751e-16
3945.53 4.537791981970464e-14 5.238342542465008e-16
3955.53 5.6542910850258206e-14 6.326714957454345e-16
3965.53 3.9381171081139086e-14 4.865555240808283e-16
3975.53 6.070562248309267e-14 5.889101717600197e-16
3985.53 7.592826227106302e-14 6.440569723943795e-16
3995.53 8.05229358524428e-14 6.621723610430979e-16
4005.53 8.163280234509291e-14 6.635291147385661e-16
4015.53 9.473644185496781e-14 7.056156153263875e-16
4025.53 8.836115466667402e-14 6.927446684949158e-16
4035.53 7.562548130540883e-14 6.44437716369361e-16
4045.53 8.769236750628948e-14 6.70999325326065e-16
4055.53 9.857678867545872e-14 7.067526902303563e-16
4065.53 8.784433456155639e-14 6.693423581706393e-16
4075.53 8.941528773549091e-14 6.75045039119155e-16
4085.53 9.912700992108513e-14 7.043402742303367e-16
4095.53 9.685611181220073e-14 6.964918380973106e-16
4105.530000000001 9.243974178995685e-14 6.927095743360645e-16
4115.530000000001 9.389888337291586e-14 6.955082496733379e-16
4125.530000000001 1.002872282328608e-13 7.008641380221667e-16
4135.530000000001 9.660615181534953e-14 6.86222787430499e-16
4145.530000000001 9.426634299643316e-14 6.768939316303808e-16
4155.530000000001 1.0539663496669267e-13 7.354288073815302e-16
4165.530000000001 1.1189197875607951e-13 7.293499707739811e-16
4175.530000000001 1.0351598796803451e-13 7.715439068572052e-16
4185.530000000001 1.0920088109608112e-13 7.295800980100687e-16
4195.530000000001 1.0275126373703986e-13 6.98856299934195e-16
4205.530000000001 9.87063331880771e-14 6.80377769760845e-16
4215.530000000001 8.763587463808144e-14 6.402155522889851e-16
4225.530000000001 4.256863255891552e-14 4.5376264564178e-16
4235.530000000001 5.4753304414554836e-14 5.174394497239293e-16
4245.530000000001 8.591149874660202e-14 6.279512589447418e-16
4255.530000000001 8.042039057897472e-14 6.067287823340851e-16
4265.530000000001 9.350326336289185e-14 6.501837547824246e-16
4275.530000000001 8.578177735830934e-14 6.213897374223925e-16
4285.530000000001 9.770910222228538e-14 6.628799772684082e-16
4295.530000000001 9.209681976637302e-14 6.411716776296882e-16
4305.530000000001 9.393124131574928e-14 6.471481470832327e-16
4315.530000000001 1.117073028031686e-13 7.00431824393329e-16
4325.530000000001 1.1527386884992539e-13 7.373758730844478e-16
4335.530000000001 1.283201558247394e-13 7.44979299987802e-16
4345.530000000001 1.3022044321226455e-13 7.770102999912161e-16
4355.530000000001 1.2533196079841143e-13 7.358646877760929e-16
4365.530000000001 1.3008514442738648e-13 7.416166348857146e-16
4375.530000000001 1.2852259791955804e-13 7.375867261140838e-16
4385.530000000001 1.205053493677722e-13 7.101782519771201e-16
4395.530000000001 1.397564789350314e-13 7.64540013017577e-16
4405.530000000001 1.335072784296045e-13 8.854413929799691e-16
4415.530000000001 1.49530420727511e-13 8.732048758255897e-16
4425.530000000001 1.4597532261314631e-13 8.559142940638228e-16
4435.530000000001 1.4526320985192267e-13 7.675688903139918e-16
4445.530000000001 1.685987790662152e-13 8.235057378897049e-16
4455.530000000001 1.4934959194565075e-13 7.77963244552133e-16
4465.530000000001 1.6216520028563973e-13 8.063346411592432e-16
4475.530000000001 1.8568268530701092e-13 8.626083867823579e-16
4485.530000000001 1.9033578954229423e-13 8.700613651057308e-16
4495.530000000001 1.8931676479109077e-13 8.971150666642673e-16
4505.530000000001 2.0161349154275887e-13 8.971031719050515e-16
4515.530000000001 1.9676300518139693e-13 8.892539483212778e-16
4525.530000000001 1.970302409345203e-13 8.804240633136881e-16
4535.530000000001 1.7452720205022578e-13 8.297323325300978e-16
4545.530000000001 2.0535774638472013e-13 8.994527458916384e-16
4555.530000000001 2.0952243654840347e-13 9.105296730329989e-16
4565.530000000001 2.3780641861252305e-13 9.63840635770518e-16
4575.530000000001 2.449795518844858e-13 9.84332045276439e-16
4585.530000000001 2.2337902281038738e-13 9.427915355480548e-16
4595.530000000001 2.2868955749097676e-13 9.732460345093921e-16
4605.530000000001 2.322010595012271e-13 9.786904314226247e-16
4615.530000000001 2.5171564085051564e-13 1.0550764181763737e-15
4625.530000000001 2.4835234034393124e-13 9.89932896309761e-16
4635.530000000001 2.3229328046583433e-13 9.884576466396848e-16
4645.530000000001 2.277160460777709e-13 9.445982834004497e-16
4655.530000000001 2.29303797942707e-13 9.481932331363381e-16
4665.530000000001 2.497199534800503e-13 9.955137698925952e-16
4675.530000000001 2.2399220058198138e-13 9.38620287432201e-16
4685.530000000001 2.2601442538231687e-13 9.431357132317235e-16
4695.530000000001 2.3830009450741634e-13 9.685033485684946e-16
4705.530000000001 2.4068102362040877e-13 1.0628826985767509e-15
4715.530000000001 2.3727124843218767e-13 9.705511653644413e-16
4725.530000000001 2.3793091129900064e-13 9.70192139750964e-16
4735.530000000001 2.345719888559547e-13 9.625723661655814e-16
4745.530000000001 2.402859717905338e-13 9.729868028675654e-16
4755.530000000001 2.4088096958366087e-13 1.0487592535539409e-15
4765.530000000001 1.9228126969937574e-13 8.716584300479529e-16
4775.530000000001 1.7912792927106773e-13 8.405635952290978e-16
4785.530000000001 1.8351867827264175e-13 8.544899228011251e-16
4795.530000000001 2.1046894852253722e-13 9.390838128956705e-16
4805.530000000001 2.1214038435781794e-13 9.377945586629174e-16
4815.530000000001 2.0210855921698466e-13 9.127729015582402e-16
4825.530000000001 2.056644297811741e-13 8.980899560960784e-16
4835.530000000001 2.1244970699440593e-13 9.127228758219892e-16
4845.530000000001 2.135740196522011e-13 9.141294328493853e-16
4855.530000000001 2.1184299838968614e-13 1.0240123070116101e-15
4865.530000000001 2.1750838057899524e-13 9.17919065409239e-16
4875.530000000001 2.1844329946712046e-13 9.21204277927449e-16
4885.530000000001 2.282556532002316e-13 9.39990423927504e-16
4895.530000000001 2.4275401675751986e-13 9.706553741247925e-16
4905.530000000001 2.531101991924901e-13 1.042947021400704e-15
4915.530000000001 2.6587818287194087e-13 1.0102917327383375e-15
4925.530000000001 2.7008676829111284e-13 1.0155347419667986e-15
4935.530000000001 2.8431910046176846e-13 1.0404283425835555e-15
4945.530000000001 2.8953526996708403e-13 1.0499509250647149e-15
4955.530000000001 2.574315153949027e-13 9.872879139140696e-16
4965.530000000001 2.0481572918415965e-13 8.809697151389682e-16
4975.530000000001 2.316253607698422e-13 9.331642272799642e-16
4985.530000000001 2.2279111224260566e-13 9.132523636976208e-16
4995.530000000001 2.3137345212228537e-13 9.328916477892417e-16
5005.530000000001 2.1121062146942568e-13 8.907091682882472e-16
5015.530000000001 2.0719071986925777e-13 8.932002232032835e-16
5025.530000000001 2.1854353610509757e-13 1.0050750906526588e-15
5035.530000000001 2.297809474458782e-13 9.256438892573861e-16
5045.530000000001 2.3098010636889757e-13 9.24184065201922e-16
5055.530000000001 2.336146303232703e-13 9.29392956914028e-16
5065.530000000001 2.346036645224643e-13 9.771635482389935e-16
5075.530000000001 2.358460452988733e-13 9.32177808963738e-16
5085.530000000001 2.3026803901960396e-13 9.188814232807224e-16
5095.530000000001 2.397348551385885e-13 9.384419347845112e-16
5105.530000000001 2.2353040415041882e-13 9.03239825366859e-16
5115.530000000001 2.3933497437247243e-13 9.732165928815502e-16
5125.530000000001 2.3148474459284696e-13 9.429229603865714e-16
5135.530000000001 2.426188324612848e-13 9.394887678368553e-16
5145.530000000001 2.441294071567748e-13 9.721518924686726e-16
5155.530000000001 2.3541666149447156e-13 9.273927249177005e-16
5165.530000000001 2.459078728048349e-13 9.445819371257363e-16
5175.530000000001 1.6956862571667386e-13 7.864730094033762e-16
5185.530000000001 1.8990285631720606e-13 8.620088716610183e-16
5195.530000000001 2.350710344232097e-13 9.345257751879406e-16
5205.530000000001 2.0477263549672936e-13 8.639503406698468e-16
5215.530000000001 2.498448100312271e-13 1.0263286201185278e-15
5225.530000000001 2.916287290601484e-13 1.0412784248801499e-15
5235.530000000001 3.1067215751596344e-13 1.110162150760823e-15
5245.530000000001 3.023561444918467e-13 1.059356024597861e-15
5255.530000000001 2.992038199546525e-13 1.0832269451291152e-15
5265.530000000001 2.7191815031340846e-13 1.0014554799222149e-15
5275.530000000001 2.867963985264191e-13 1.0301276945694281e-15
5285.530000000001 3.268427263084001e-13 1.1007476867472595e-15
5295.530000000001 3.2799384016685306e-13 1.1077249508262593e-15
5305.530000000001 3.310236525405447e-13 1.1083958126094158e-15
5315.530000000001 3.379923729801996e-13 1.1241071125979645e-15
5325.530000000001 3.202935579269459e-13 1.1102744065476498e-15
5335.530000000001 3.214801355479789e-13 1.15708541277882e-15
5345.530000000001 3.251033126177236e-13 1.1045290529928387e-15
5355.530000000001 3.5643374252542263e-13 1.1704870034609712e-15
5365.530000000001 3.5824694849046997e-13 1.1762314158882638e-15
5375.530000000001 3.540838026139425e-13 1.159542942151726e-15
5385.530000000001 3.8638704557253854e-13 1.2149788196240976e-15
5395.530000000001 3.70678742632627e-13 1.1953664464129368e-15
5405.530000000001 3.592722678927608e-13 1.1994988263958654e-15
5415.530000000001 3.8387775981098163e-13 1.22500131183054e-15
5425.530000000001 3.966806868248907e-13 1.2830798955929962e-15
5435.530000000001 3.7195920681270456e-13 1.2477694975642755e-15
5445.530000000001 3.8289938557872143e-13 1.2292337436898718e-15
5455.530000000001 2.9737069699226706e-13 1.0788163367678151e-15
5465.530000000001 3.1780266089125356e-13 1.1242181437306503e-15
5475.530000000001 3.341066913874614e-13 1.1463572697906547e-15
5485.530000000001 3.4838694087498014e-13 1.1765859770066272e-15
5495.530000000001 3.487890556474192e-13 1.1711568385898802e-15
5505.530000000001 3.207566737234374e-13 1.1220913821527969e-15
5515.530000000001 3.1496334213933835e-13 1.2203821162678515e-15
5525.530000000001 3.509772923575298e-13 1.2348622157975872e-15
5535.530000000001 3.508366280631178e-13 1.1793687224191143e-15
5545.530000000001 3.485552155668383e-13 1.2756477658778424e-15
5555.530000000001 3.6225714216596607e-13 1.199659902735234e-15
5565.530000000001 3.5685846268326895e-13 1.2267920620489437e-15
5575.530000000001 3.6314208914452407e-13 1.2997538601356712e-15
5585.530000000001 3.5970417298947735e-13 1.1949918031331768e-15
5595.530000000001 3.3089264415286157e-13 1.209608878235511e-15
5605.530000000001 3.1503194656439745e-13 1.1205485227956742e-15
5615.530000000001 3.3595377043437353e-13 1.1581131210589535e-15
5625.530000000001 3.353832230459067e-13 1.2198168471367382e-15
5635.530000000001 3.349792980168781e-13 1.231142473463206e-15
5645.530000000001 3.4604879854529216e-13 1.1786470849110388e-15
5655.530000000001 3.7269085946975675e-13 1.2254480687233594e-15
5665.530000000001 3.563320103491296e-13 1.198472880582087e-15
5675.530000000001 3.558331257508651e-13 1.2093314454154715e-15
5685.530000000001 3.673772952063306e-13 1.2196423716232415e-15
5695.530000000001 3.8048776626617494e-13 1.2821065103753251e-15
5705.530000000001 3.8026121383729037e-13 7.028907812454224e-16
5715.530000000001 3.9362242544642593e-13 0.0
5725.530000000001 4.133987672529294e-13 0.0
5735.530000000001 4.4183572443262223e-13 0.0
5745.530000000001 4.502432540140609e-13 0.0
5755.530000000001 4.494493739137451e-13 0.0
5765.530000000001 3.8329108768811533e-13 0.0
5775.530000000001 4.170447925189007e-13 0.0
5785.530000000001 4.2727946181418605e-13 0.0
5795.530000000001 4.4954405641163317e-13 0.0
5805.530000000001 4.670080060683511e-13 0.0
5815.530000000001 4.071010520027636e-13 0.0
5825.530000000001 4.3507420150027994e-13 0.0
5835.530000000001 4.4863160750740025e-13 0.0
5845.530000000001 4.216499421362173e-13 0.0
5855.530000000001 3.4833210901109056e-13 0.0
5865.530000000001 3.2977926127928166e-13 0.0
5875.530000000001 2.8762715770522267e-13 0.0
5885.530000000001 1.9970552476790774e-13 0.0
5895.530000000001 1.238910787111665e-13 0.0
5905.530000000001 2.3275012488388873e-13 0.0
5915.530000000001 2.7344861513673485e-13 0.0
5925.530000000001 2.832186829754941e-13 0.0
5935.530000000001 3.127288596918867e-13 0.0
5945.530000000001 3.239267077449234e-13 0.0
5955.530000000001 3.15319870199203e-13 0.0
5965.530000000001 3.3333438908589927e-13 0.0
5975.530000000001 3.368325701294211e-13 0.0
5985.530000000001 3.686255812828491e-13 0.0
5995.530000000001 3.754647308107731e-13 0.0
6005.530000000001 3.748850445101398e-13 0.0
6015.530000000001 3.9921908569065254e-13 0.0
6025.530000000001 4.2256389449705344e-13 0.0
6035.530000000001 4.427658056851487e-13 0.0
6045.530000000001 4.529256850337553e-13 0.0
6055.530000000001 4.63261909937061e-13 0.0
6065.530000000001 4.734333959657032e-13 0.0
6075.530000000001 5.101497918229047e-13 0.0
6085.530000000001 5.199382776563425e-13 0.0
6095.530000000001 5.036243525955398e-13 0.0
6105.530000000001 4.596731042357666e-13 0.0
6115.530000000001 5.17356222135924e-13 0.0
6125.530000000001 4.4913693398491294e-13 0.0
6135.530000000001 5.275832129512423e-13 0.0
6145.530000000001 5.452119559073805e-13 0.0
6155.530000000001 4.598464393184492e-13 0.0
6165.530000000001 2.905731587488167e-13 0.0
6175.530000000001 3.565980920456393e-13 0.0
6185.530000000001 3.4903113348460573e-13 0.0
6195.530000000001 3.043051653516738e-13 0.0
6205.530000000001 3.471654385219847e-13 0.0
6215.530000000001 3.014195483813542e-13 0.0
6225.530000000001 2.6927729390353257e-13 0.0
6235.530000000001 2.8525522095541316e-13 0.0
6245.530000000001 2.914272955510476e-13 0.0
6255.530000000001 3.129117710666996e-13 0.0
6265.530000000001 3.384551402522412e-13 0.0
6275.530000000001 3.450385143208727e-13 0.0
6285.530000000001 3.556882588338914e-13 0.0
6295.530000000001 3.5955355825678283e-13 0.0
6305.530000000001 3.8448560177776835e-13 0.0
6315.530000000001 4.032585833461987e-13 0.0
6325.530000000001 4.0484824470993324e-13 0.0
6335.530000000001 4.213257203490506e-13 0.0
6345.530000000001 4.602355263571704e-13 0.0
6355.530000000001 4.185902771256159e-13 0.0
6365.530000000001 3.958969186578624e-13 0.0
6375.530000000001 3.894062622734605e-13 0.0
6385.530000000001 3.637789193586665e-13 0.0
6395.530000000001 3.8552319237060957e-13 0.0
6405.530000000001 4.303338650730039e-13 0.0
6415.530000000001 4.408383386812135e-13 0.0
