reference_uv_spectra/lya_masked/M2.5-3679-gj176-muscles.spec
# %ECSV 0.9
# ---
# datatype:
# - {name: w, datatype: float64}
# - {name: f, datatype: float64}
# - {name: e, datatype: float64}
# meta: !!omap
# - {distance: 10}
# - {w0: 1170.0}
# - {filename: M2.5-3679-gj176-muscles.spec}
# schema: astropy-2.0
w f e
[from data line 3849]
24225.53 1.451739353934436e-13 0.0
24235.53 1.4563426757774368e-13 0.0
24245.53 1.4841989402145179e-13 0.0
24255.53 1.4108522548138656e-13 0.0
24265.53 1.4090823521703088e-13 0.0
24275.53 1.420698848770966e-13 0.0
24285.53 1.3958491378750761e-13 0.0
24295.53 1.4354710761369865e-13 0.0
24305.53 1.4396309887192183e-13 0.0
24315.53 1.4037400672896211e-13 0.0
24325.53 1.4847089668563482e-13 0.0
24335.53 1.315454650460636e-13 0.0
24345.53 1.4223831653609193e-13 0.0
24355.53 1.4672146907040349e-13 0.0
24365.53 1.2996043276442137e-13 0.0
24375.53 1.36579963632867e-13 0.0
24385.53 1.4707736453033928e-13 0.0
24395.53 1.4209647378873902e-13 0.0
24405.53 1.3943780819879855e-13 0.0
24415.53 1.3969942522613678e-13 0.0
24425.53 1.354687537964949e-13 0.0
24435.53 1.357413585640108e-13 0.0
24445.53 1.3151806595501717e-13 0.0
24455.53 1.4225018022563128e-13 0.0
24465.53 1.3479799476939554e-13 0.0
24475.53 1.2826972396886303e-13 0.0
24485.53 1.3332210469934247e-13 0.0
24495.53 1.3373075896396683e-13 0.0
24505.53 1.3720967009313822e-13 0.0
24515.53 1.2964542746184507e-13 0.0
24525.53 1.2933248903166032e-13 0.0
24535.53 1.2883142409767364e-13 0.0
24545.53 1.2205607089212212e-13 0.0
24555.53 1.3526993856424465e-13 0.0
24565.53 1.374071097387536e-13 0.0
24575.53 1.3612323343218687e-13 0.0
24585.53 1.3690047324802563e-13 0.0
24595.53 1.2809998794000942e-13 0.0
24605.53 1.2151076545310836e-13 0.0
24615.53 1.2629777038815457e-13 0.0
24625.53 1.3362369033237678e-13 0.0
24635.53 1.3568879158515326e-13 0.0
24645.53 1.3442425953198946e-13 0.0
24655.53 1.2948938941357167e-13 0.0
24665.53 1.298714340043202e-13 0.0
24675.53 1.2380148121404959e-13 0.0
24685.53 1.304936106361666e-13 0.0
24695.53 1.3006807775974579e-13 0.0
24705.53 1.299275608303827e-13 0.0
24715.53 1.295543312512975e-13 0.0
24725.53 1.3100865808183907e-13 0.0
24735.53 1.1827364323311351e-13 0.0
24745.53 1.2321468783012952e-13 0.0
24755.53 1.2153050034503713e-13 0.0
24765.53 1.3570503693840931e-13 0.0
24775.53 1.292829195626096e-13 0.0
24785.53 1.2244154280746969e-13 0.0
24795.53 1.2070136353867832e-13 0.0
24805.53 1.2197065168680401e-13 0.0
24815.53 1.194662874680258e-13 0.0
24825.53 1.2031118161043531e-13 0.0
24835.53 1.304281443105113e-13 0.0
24845.53 1.2026926125140437e-13 0.0
24855.53 1.1540700868567312e-13 0.0
24865.53 1.094806963242713e-13 0.0
24875.53 1.0981558438376288e-13 0.0
24885.53 1.1058731015093806e-13 0.0
24895.53 1.0894807965337808e-13 0.0
24905.53 1.0520189300377565e-13 0.0
24915.53 1.1127486601839813e-13 0.0
24925.53 1.1288329542692862e-13 0.0
24935.53 1.1400998981603034e-13 0.0
24945.53 1.1078967844701597e-13 0.0
24955.53 1.1508018102711095e-13 0.0
24965.53 1.1176204909617186e-13 0.0
24975.53 1.0903509126012292e-13 0.0
24985.53 1.0917121165984477e-13 0.0
24995.53 1.1039608937175602e-13 0.0
25005.53 1.0919594579465672e-13 0.0
25015.53 1.1570889864788465e-13 0.0
25025.53 1.1099963178615543e-13 0.0
25035.53 1.0951703132141281e-13 0.0
25045.53 1.0874265203609122e-13 0.0
25055.53 1.0377839483517124e-13 0.0
25065.53 1.0759212339832634e-13 0.0
25075.53 1.1072183229312528e-13 0.0
25085.53 1.156210180063463e-13 0.0
25095.53 1.1448744308391073e-13 0.0
25105.53 1.0935103709997748e-13 0.0
25115.53 1.0882128146749033e-13 0.0
25125.53 1.076227388016865e-13 0.0
25135.53 1.0915007950881821e-13 0.0
25145.53 1.067308343042346e-13 0.0
25155.53 1.0664425820096852e-13 0.0
25165.53 1.1474255600018407e-13 0.0
25175.53 1.119013308465225e-13 0.0
25185.53 1.1287455022583483e-13 0.0
25195.53 1.0423762751346492e-13 0.0
25205.53 1.076817134483052e-13 0.0
25215.53 1.1105763628871652e-13 0.0
25225.53 1.1375293962224833e-13 0.0
25235.53 1.051640202164986e-13 0.0
25245.53 1.0360762196139326e-13 0.0
25255.53 1.040308229035016e-13 0.0
25265.53 1.0793714929820576e-13 0.0
25275.53 9.978771666706173e-14 0.0
25285.53 1.0831710165123469e-13 0.0
25295.53 1.0818487254618426e-13 0.0
25305.53 1.1224640219997657e-13 0.0
25315.53 1.0852188014680766e-13 0.0
25325.53 1.0839588541501464e-13 0.0
25335.53 1.0708618212891499e-13 0.0
25345.53 1.0847011481035389e-13 0.0
25355.53 1.0294567537425271e-13 0.0
25365.53 1.0466207484801152e-13 0.0
25375.53 1.0581514506239768e-13 0.0
25385.53 1.0807000204946158e-13 0.0
25395.53 1.0625185704905068e-13 0.0
25405.53 1.0446189571652674e-13 0.0
25415.53 1.0911542207961932e-13 0.0
25425.53 1.0426266756894959e-13 0.0
25435.53 1.026950664575728e-13 0.0
25445.53 1.1044455143208217e-13 0.0
25455.53 1.1108035160189326e-13 0.0
25465.53 1.025163327027847e-13 0.0
25475.53 1.108511221043478e-13 0.0
25485.53 1.0240929505175558e-13 0.0
25495.53 1.0583640554751843e-13 0.0
25505.53 1.0740418666563879e-13 0.0
25515.53 1.0727677960318635e-13 0.0
25525.53 1.0552280332672969e-13 0.0
25535.53 1.0819581891690882e-13 0.0
25545.53 1.0786464032372796e-13 0.0
25555.53 1.0654402979353932e-13 0.0
25565.53 1.03182578770932e-13 0.0
25575.53 1.0846323143896336e-13 0.0
25585.53 1.1177509086924363e-13 0.0
25595.53 1.0319231889692562e-13 0.0
25605.53 1.0217336054297743e-13 0.0
25615.53 1.0782514962063815e-13 0.0
25625.53 1.0136967422688095e-13 0.0
25635.53 1.0806654947600151e-13 0.0
25645.53 1.0016809879799066e-13 0.0
25655.53 1.0852101498735533e-13 0.0
25665.53 1.035399484753343e-13 0.0
25675.53 1.0799972199453887e-13 0.0
25685.53 1.0389982600209495e-13 0.0
25695.53 9.915916491353708e-14 0.0
25705.53 1.131759347239475e-13 0.0
25715.53 1.1239372567765428e-13 0.0
25725.53 1.0869720550371629e-13 0.0
25735.53 1.0136025350658925e-13 0.0
25745.53 1.066636526415699e-13 0.0
25755.53 9.983880202432517e-14 0.0
25765.53 1.0009522925018988e-13 0.0
25775.53 1.0212256670087091e-13 0.0
25785.53 1.0361960620440051e-13 0.0
25795.53 1.0744293495030603e-13 0.0
25805.53 1.085988889194631e-13 0.0
25815.53 1.025965301695167e-13 0.0
25825.53 1.0111741191049067e-13 0.0
25835.53 1.0519974528275102e-13 0.0
25845.53 1.0547892159491514e-13 0.0
25855.53 1.1368353700114563e-13 0.0
25865.53 1.0969922553219592e-13 0.0
25875.53 1.0517838965829407e-13 0.0
25885.53 1.0349679911897708e-13 0.0
25895.53 1.053247521009925e-13 0.0
25905.53 1.0528830651178833e-13 0.0
25915.53 1.1052901048105223e-13 0.0
25925.53 1.0198632941027147e-13 0.0
25935.53 1.0905018603095496e-13 0.0
25945.53 1.012276916611891e-13 0.0
25955.53 1.0641230155247093e-13 0.0
25965.53 1.0762377103309371e-13 0.0
25975.53 9.882067310704193e-14 0.0
25985.53 1.0292310780066188e-13 0.0
25995.53 1.1022770673016029e-13 0.0
26005.53 1.0874412823204224e-13 0.0
26015.53 1.059387600354385e-13 0.0
26025.53 1.0909723770184914e-13 0.0
26035.53 1.035756997524588e-13 0.0
26045.53 1.0510197661052788e-13 0.0
26055.53 1.0720428684045594e-13 0.0
26065.53 1.055645585047406e-13 0.0
26075.53 1.0248522191766473e-13 0.0
26085.53 9.59150395632735e-14 0.0
26095.53 1.0423427398214462e-13 0.0
26105.53 1.127633731770703e-13 0.0
26115.53 1.1163270601236724e-13 0.0
26125.53 1.0400874042882295e-13 0.0
26135.53 1.094575034013102e-13 0.0
26145.53 1.0433934117563089e-13 0.0
26155.53 1.0873867678424199e-13 0.0
26165.53 1.063471958972496e-13 0.0
26175.53 1.0083814303880124e-13 0.0
26185.53 9.930868381491817e-14 0.0
26195.53 9.85296962705044e-14 0.0
26205.53 1.0227169289014981e-13 0.0
26215.53 9.772659769088312e-14 0.0
26225.53 9.858294573672932e-14 0.0
26235.53 1.0243126851594089e-13 0.0
26245.53 1.0100755290686517e-13 0.0
26255.53 1.0080451526616176e-13 0.0
26265.53 9.901183594999755e-14 0.0
26275.53 1.0296077403895474e-13 0.0
26285.53 1.0323273421009643e-13 0.0
26295.53 1.0264236169888023e-13 0.0
26305.53 9.747195083265146e-14 0.0
26315.53 1.0398990146332938e-13 0.0
26325.53 1.010520707526476e-13 0.0
26335.53 9.9741149979109e-14 0.0
26345.53 9.678295423907591e-14 0.0
26355.53 1.0029393551628366e-13 0.0
26365.53 1.0354941102565327e-13 0.0
26375.53 1.0051441423009339e-13 0.0
26385.53 1.0018220515118727e-13 0.0
26395.53 1.0006296908189234e-13 0.0
26405.53 9.573173687173976e-14 0.0
26415.53 9.657584369206169e-14 0.0
26425.53 1.0021133031621288e-13 0.0
26435.53 1.0105612111878303e-13 0.0
26445.53 1.0372079965896582e-13 0.0
26455.53 9.592803059659017e-14 0.0
26465.53 1.0012097549077387e-13 0.0
26475.53 9.954625998290136e-14 0.0
26485.53 1.0151048258057651e-13 0.0
26495.53 1.005154102338022e-13 0.0
26505.53 1.0040577091164572e-13 0.0
26515.53 9.542126460875207e-14 0.0
26525.53 9.853792773238448e-14 0.0
26535.53 1.0062307909064032e-13 0.0
26545.53 9.6944039787784e-14 0.0
26555.53 9.890377776885816e-14 0.0
26565.53 9.369625122020125e-14 0.0
26575.53 1.0240500869413468e-13 0.0
26585.53 1.0191956150814682e-13 0.0
26595.53 9.906860798206639e-14 0.0
26605.53 9.539394007066706e-14 0.0
26615.53 9.871061874552419e-14 0.0
26625.53 1.0541670325994405e-13 0.0
26635.53 1.0040608671332173e-13 0.0
26645.53 9.402780102060817e-14 0.0
26655.53 1.0093618911861595e-13 0.0
26665.53 9.747710801888972e-14 0.0
26675.53 1.0080661751822617e-13 0.0
26685.53 1.0067059648886935e-13 0.0
26695.53 9.774968204456902e-14 0.0
26705.53 9.130486885786444e-14 0.0
26715.53 1.0246754230866539e-13 0.0
26725.53 1.0289767386013293e-13 0.0
26735.53 9.963222483609073e-14 0.0
26745.53 9.953299606303149e-14 0.0
26755.53 9.119411447258489e-14 0.0
26765.53 9.67070293385479e-14 0.0
26775.53 9.345005634738857e-14 0.0
26785.53 1.0168491419662656e-13 0.0
26795.53 9.509995598840693e-14 0.0
26805.53 1.0077962861032907e-13 0.0
26815.53 9.28182290397019e-14 0.0
26825.53 9.932786609576926e-14 0.0
26835.53 9.815502946047268e-14 0.0
26845.53 9.666943086123645e-14 0.0
26855.53 9.466239521882338e-14 0.0
26865.53 9.508014020913302e-14 0.0
26875.53 1.0089656194081668e-13 0.0
26885.53 9.927519706168387e-14 0.0
26895.53 1.0080932565974062e-13 0.0
26905.53 9.619761433854705e-14 0.0
26915.53 9.846190712474348e-14 0.0
26925.53 9.822512982016804e-14 0.0
26935.53 8.865239949591286e-14 0.0
26945.53 8.948381872916276e-14 0.0
26955.53 9.196254658076513e-14 0.0
26965.53 9.201629193415721e-14 0.0
26975.53 9.792613505908731e-14 0.0
26985.53 9.424840530423992e-14 0.0
26995.53 9.956874585900638e-14 0.0
27005.53 1.0488510145529e-13 0.0
27015.53 8.790357224289864e-14 0.0
27025.53 9.25122073649246e-14 0.0
27035.53 9.722615636422434e-14 0.0
27045.53 8.801501408111079e-14 0.0
27055.53 9.304351674419218e-14 0.0
27065.53 9.479093855479872e-14 0.0
27075.53 9.607954237905702e-14 0.0
27085.53 9.552897534028521e-14 0.0
27095.53 9.486497382805357e-14 0.0
27105.53 9.245482704888327e-14 0.0
27115.53 9.033032639555227e-14 0.0
27125.53 9.052829503094488e-14 0.0
27135.53 9.433250069913553e-14 0.0
27145.53 9.463782359356892e-14 0.0
27155.53 9.162235069816656e-14 0.0
27165.53 9.45038280572244e-14 0.0
27175.53 8.515117497483409e-14 0.0
27185.53 9.278955513362962e-14 0.0
27195.53 9.733205457346335e-14 0.0
27205.53 9.126675177966796e-14 0.0
27215.53 9.755656435826266e-14 0.0
27225.53 8.644759091216563e-14 0.0
27235.53 9.386799253437567e-14 0.0
27245.53 8.805279416344418e-14 0.0
27255.53 8.820501000929209e-14 0.0
27265.53 9.587279707182247e-14 0.0
27275.53 9.116879244049382e-14 0.0
27285.53 8.503072393306014e-14 0.0
27295.53 8.896909327595145e-14 0.0
27305.53 8.91950788492326e-14 0.0
27315.53 9.816989932685184e-14 0.0
27325.53 9.333239757818026e-14 0.0
27335.53 9.321966312765505e-14 0.0
27345.53 9.409698836150446e-14 0.0
27355.53 8.276959788673964e-14 0.0
27365.53 8.503820103302222e-14 0.0
27375.53 9.100763738512235e-14 0.0
27385.53 8.24003763120509e-14 0.0
27395.53 8.854582599246906e-14 0.0
27405.53 8.783584578866003e-14 0.0
27415.53 8.607317655319007e-14 0.0
27425.53 9.638552418803014e-14 0.0
27435.53 8.890041098771438e-14 0.0
27445.53 8.908372115398301e-14 0.0
27455.53 9.106912296810352e-14 0.0
27465.53 9.21286180939569e-14 0.0
27475.53 8.576602019076052e-14 0.0
27485.53 9.13224259175745e-14 0.0
27495.53 8.621982601250638e-14 0.0
27505.53 8.125996046615599e-14 0.0
27515.53 8.993729990567925e-14 0.0
27525.53 8.705925760883335e-14 0.0
27535.53 8.967693389951658e-14 0.0
27545.53 8.234905802072696e-14 0.0
27555.53 8.712829929166101e-14 0.0
27565.53 9.088136913166684e-14 0.0
27575.53 8.753905377911028e-14 0.0
27585.53 8.903179402182862e-14 0.0
27595.53 8.74963282942526e-14 0.0
27605.53 8.989360599630701e-14 0.0
27615.53 8.884366642250866e-14 0.0
27625.53 9.044098546199742e-14 0.0
27635.53 8.87103723340001e-14 0.0
27645.53 8.343189886535158e-14 0.0
27655.53 8.308288843414538e-14 0.0
27665.53 8.061216279479049e-14 0.0
27675.53 7.952007110994181e-14 0.0
27685.53 8.914227242061289e-14 0.0
27695.53 8.240599779112739e-14 0.0
27705.53 8.314066239898821e-14 0.0
27715.53 8.526405400461897e-14 0.0
27725.53 8.663405006403638e-14 0.0
27735.53 8.968378968856957e-14 0.0
27745.53 9.024268016988578e-14 0.0
27755.53 8.41654477574438e-14 0.0
27765.53 8.507001050187141e-14 0.0
27775.53 8.496335095476941e-14 0.0
27785.53 8.154551236288862e-14 0.0
27795.53 8.443179919470787e-14 0.0
27805.53 8.656511138868692e-14 0.0
27815.53 8.454791241383388e-14 0.0
27825.53 8.444441902625788e-14 0.0
27835.53 8.648280968780032e-14 0.0
27845.53 8.249572118444079e-14 0.0
27855.53 8.134986562380632e-14 0.0
27865.53 7.630230065563881e-14 0.0
27875.53 8.265005920053136e-14 0.0
27885.53 8.095045317933233e-14 0.0
27895.53 8.30709065285851e-14 0.0
27905.53 8.275026942669612e-14 0.0
27915.53 7.907218788731976e-14 0.0
27925.53 7.974288390410139e-14 0.0
27935.53 8.578699690048791e-14 0.0
27945.53 8.480310538894821e-14 0.0
27955.53 8.251380741292994e-14 0.0
27965.53 8.307716203200583e-14 0.0
27975.53 8.110203212092397e-14 0.0
27985.53 8.425062980544806e-14 0.0
27995.53 8.530150153387634e-14 0.0
28005.53 7.876651057428347e-14 0.0
28015.53 7.90510121107877e-14 0.0
28025.53 7.790103905632588e-14 0.0
28035.53 7.314983458206709e-14 0.0
28045.53 7.405218335988353e-14 0.0
28055.53 7.608998387272667e-14 0.0
28065.53 7.995452385706523e-14 0.0
28075.53 8.431662530649992e-14 0.0
28085.53 7.804087413938654e-14 0.0
28095.53 8.089310243814119e-14 0.0
28105.53 8.05380454314699e-14 0.0
28115.53 8.082614924954456e-14 0.0
28125.53 8.09251045750567e-14 0.0
28135.53 7.626731776809201e-14 0.0
28145.53 8.059073576065843e-14 0.0
28155.53 8.50739640825812e-14 0.0
28165.53 7.718557101108575e-14 0.0
28175.53 7.651587972294859e-14 0.0
28185.53 7.865472177913383e-14 0.0
28195.53 7.495366341458814e-14 0.0
28205.53 7.231075071228643e-14 0.0
28215.53 7.736378707157876e-14 0.0
28225.53 7.737209427904928e-14 0.0
28235.53 8.080565826308527e-14 0.0
28245.53 8.081432795814013e-14 0.0
28255.53 7.619109134120555e-14 0.0
28265.53 7.688212290050032e-14 0.0
28275.53 7.836498329665883e-14 0.0
28285.53 8.111764607348727e-14 0.0
28295.53 8.112148367387989e-14 0.0
28305.53 8.107324817534566e-14 0.0
28315.53 7.699327786205357e-14 0.0
28325.53 8.590169115066466e-14 0.0
28335.53 7.70136972649644e-14 0.0
28345.53 7.53428743555456e-14 0.0
28355.53 7.19270354193598e-14 0.0
28365.53 7.992959585676029e-14 0.0
28375.53 7.388609746466789e-14 0.0
28385.53 7.698701530261678e-14 0.0
28395.53 8.117750421054242e-14 0.0
28405.53 7.76813770975097e-14 0.0
28415.53 7.85359463362818e-14 0.0
28425.53 7.688295188271224e-14 0.0
28435.53 7.491667553206093e-14 0.0
28445.53 7.769377383447805e-14 0.0
28455.53 7.855706589216003e-14 0.0
28465.53 7.919841654744438e-14 0.0
28475.53 8.01499706520351e-14 0.0
28485.53 7.771777331908599e-14 0.0
28495.53 7.267985334866013e-14 0.0
28505.53 7.49035005066445e-14 0.0
28515.53 7.662935924830419e-14 0.0
28525.53 7.39670949262253e-14 0.0
28535.53 7.268230486317981e-14 0.0
28545.53 6.843901040642377e-14 0.0
28555.53 7.480841561745201e-14 0.0
28565.53 7.48499440161225e-14 0.0
28575.53 7.565864891441945e-14 0.0
28585.53 8.319389720624918e-14 0.0
28595.53 7.985527656293575e-14 0.0
28605.53 7.954870626524939e-14 0.0
28615.53 7.429002563501308e-14 0.0
28625.53 7.992482335897226e-14 0.0
28635.53 7.73720929560566e-14 0.0
28645.53 7.600520789330993e-14 0.0
28655.53 7.710403194326154e-14 0.0
28665.53 7.379014751296864e-14 0.0
28675.53 7.370927821973842e-14 0.0
28685.53 7.570175718934785e-14 0.0
28695.53 7.090665475680332e-14 0.0
28705.53 7.57440751529234e-14 0.0
28715.53 7.203222947125004e-14 0.0
28725.53 6.675641916815539e-14 0.0
28735.53 7.530856139777189e-14 0.0
