reference_uv_spectra/lya_masked/M2.5-3679-gj176-muscles.spec
# %ECSV 0.9
# ---
# datatype:
# - {name: w, datatype: float64}
# - {name: f, datatype: float64}
# - {name: e, datatype: float64}
# meta: !!omap
# - {distance: 10}
# - {w0: 1170.0}
# - {filename: M2.5-3679-gj176-muscles.spec}
# schema: astropy-2.0
w f e
[from data line 3400]
19735.53 2.682688690308418e-13 0.0
19745.53 2.7766940393216654e-13 0.0
19755.53 2.4908040009186694e-13 0.0
19765.53 2.581313876858684e-13 0.0
19775.53 2.1635830631045515e-13 0.0
19785.53 2.2140272637830015e-13 0.0
19795.53 2.570247886420772e-13 0.0
19805.53 2.5514435284451544e-13 0.0
19815.53 2.6282825874964465e-13 0.0
19825.53 2.614659473094564e-13 0.0
19835.53 2.682150388024323e-13 0.0
19845.53 2.669231333478049e-13 0.0
19855.53 2.3920606222256304e-13 0.0
19865.53 2.2066877481137703e-13 0.0
19875.53 2.6203283924085584e-13 0.0
19885.53 2.6565723176495357e-13 0.0
19895.53 2.612290540751872e-13 0.0
19905.53 2.5849669199191815e-13 0.0
19915.53 2.534075495592078e-13 0.0
19925.53 2.561749643582948e-13 0.0
19935.53 2.4477938998451603e-13 0.0
19945.53 2.6024445411455485e-13 0.0
19955.53 2.611840294974035e-13 0.0
19965.53 2.51662226240468e-13 0.0
19975.53 2.5395115751358953e-13 0.0
19985.53 2.6728154886592007e-13 0.0
19995.53 2.507331429672213e-13 0.0
20005.53 2.648815061837935e-13 0.0
20015.53 2.6415019316718356e-13 0.0
20025.53 2.637430238985539e-13 0.0
20035.53 2.60544201524628e-13 0.0
20045.53 2.5928682431923044e-13 0.0
20055.53 2.673383622315424e-13 0.0
20065.53 2.54693417729759e-13 0.0
20075.53 2.675578133630308e-13 0.0
20085.53 2.569455197332284e-13 0.0
20095.53 2.5502166411292127e-13 0.0
20105.53 2.532738937320442e-13 0.0
20115.53 2.594661480091398e-13 0.0
20125.53 2.5456986339997585e-13 0.0
20135.53 2.5136255517155536e-13 0.0
20145.53 2.646039716699662e-13 0.0
20155.53 2.5026600317631167e-13 0.0
20165.53 2.5037992821188077e-13 0.0
20175.53 2.568063905053874e-13 0.0
20185.53 2.562308741849387e-13 0.0
20195.53 2.41545654349317e-13 0.0
20205.53 2.515748396100512e-13 0.0
20215.53 2.5717989442603654e-13 0.0
20225.53 2.5365220560509674e-13 0.0
20235.53 2.6109695991588563e-13 0.0
20245.53 2.5330543793714037e-13 0.0
20255.53 2.4579798657697905e-13 0.0
20265.53 2.4696006121266496e-13 0.0
20275.53 2.468231881260659e-13 0.0
20285.53 2.460301942326063e-13 0.0
20295.53 2.4817010360870406e-13 0.0
20305.53 2.4355064033660666e-13 0.0
20315.53 2.594540669332267e-13 0.0
20325.53 2.5513244214729454e-13 0.0
20335.53 2.515608677936453e-13 0.0
20345.53 2.5144928774066654e-13 0.0
20355.53 2.391495189317416e-13 0.0
20365.53 2.540990395396819e-13 0.0
20375.53 2.562130472019673e-13 0.0
20385.53 2.4274255113398595e-13 0.0
20395.53 2.4678590835234547e-13 0.0
20405.53 2.4708717396061585e-13 0.0
20415.53 2.467597974826065e-13 0.0
20425.53 2.5867339206940355e-13 0.0
20435.53 2.41303985935044e-13 0.0
20445.53 2.38700082897715e-13 0.0
20455.53 2.415159766675123e-13 0.0
20465.53 2.474473029774143e-13 0.0
20475.53 2.5138053670726854e-13 0.0
20485.53 2.3854330969631176e-13 0.0
20495.53 2.3809136230571487e-13 0.0
20505.53 2.524744666896901e-13 0.0
20515.53 2.4442876772753165e-13 0.0
20525.53 2.46240692151396e-13 0.0
20535.53 2.456144007990934e-13 0.0
20545.53 2.300998816052037e-13 0.0
20555.53 2.386624668032763e-13 0.0
20565.53 2.442061666117032e-13 0.0
20575.53 2.4259136357389375e-13 0.0
20585.53 2.455474399072946e-13 0.0
20595.53 2.4729585782070617e-13 0.0
20605.53 2.380227228234128e-13 0.0
20615.53 2.4101638901705374e-13 0.0
20625.53 2.4008504227639193e-13 0.0
20635.53 2.2694499425552675e-13 0.0
20645.53 2.3587349844451067e-13 0.0
20655.53 2.33760263521284e-13 0.0
20665.53 2.4682270453874355e-13 0.0
20675.53 2.3850550757226203e-13 0.0
20685.53 2.386258250447157e-13 0.0
20695.53 2.3869609060462164e-13 0.0
20705.53 2.508675573097422e-13 0.0
20715.53 2.3338579854811943e-13 0.0
20725.53 2.3720464749542014e-13 0.0
20735.53 2.295092118967615e-13 0.0
20745.53 2.382547525251933e-13 0.0
20755.53 2.4192370425509675e-13 0.0
20765.53 2.3540530637927673e-13 0.0
20775.53 2.3762274099693963e-13 0.0
20785.53 2.378273187979819e-13 0.0
20795.53 2.387640750664195e-13 0.0
20805.53 2.342778439175729e-13 0.0
20815.53 2.348324807332658e-13 0.0
20825.53 2.371538177012318e-13 0.0
20835.53 2.3035643908488336e-13 0.0
20845.53 2.34962729659416e-13 0.0
20855.53 2.3079187791798547e-13 0.0
20865.53 2.317353482974696e-13 0.0
20875.53 2.343409674520048e-13 0.0
20885.53 2.2899520345925613e-13 0.0
20895.53 2.2853224359495414e-13 0.0
20905.53 2.4135346201540353e-13 0.0
20915.53 2.3331397340898253e-13 0.0
20925.53 2.423005689366247e-13 0.0
20935.53 2.2724448775738233e-13 0.0
20945.53 2.301332006783399e-13 0.0
20955.53 2.3115289309155427e-13 0.0
20965.53 2.255397987394433e-13 0.0
20975.53 2.27858245894533e-13 0.0
20985.53 2.3510771574570525e-13 0.0
20995.53 2.2635431688706123e-13 0.0
21005.53 2.329856892421951e-13 0.0
21015.53 2.2726381106144367e-13 0.0
21025.53 2.3257471957892957e-13 0.0
21035.53 2.341125128405481e-13 0.0
21045.53 2.314945249807066e-13 0.0
21055.53 2.2819950735731776e-13 0.0
21065.53 2.3414278861876884e-13 0.0
21075.53 2.289490714189811e-13 0.0
21085.53 2.2376122425313992e-13 0.0
21095.53 2.2381708319808454e-13 0.0
21105.53 2.353587678649302e-13 0.0
21115.53 2.22941800725139e-13 0.0
21125.53 2.271167528015277e-13 0.0
21135.53 2.3236417380393643e-13 0.0
21145.53 2.3136627187775823e-13 0.0
21155.53 2.305739308749783e-13 0.0
21165.53 2.164498016980177e-13 0.0
21175.53 2.2419032735755152e-13 0.0
21185.53 2.3051896300952136e-13 0.0
21195.53 2.2779277824571957e-13 0.0
21205.53 2.2537394711931336e-13 0.0
21215.53 2.2824258410508433e-13 0.0
21225.53 2.2921247606567935e-13 0.0
21235.53 2.2634388337890437e-13 0.0
21245.53 2.3161725035954524e-13 0.0
21255.53 2.2448334405423596e-13 0.0
21265.53 2.2505980489268688e-13 0.0
21275.53 2.2205436819173346e-13 0.0
21285.53 2.2459915411398357e-13 0.0
21295.53 2.2572774304496936e-13 0.0
21305.53 2.2691176055735593e-13 0.0
21315.53 2.305072595701784e-13 0.0
21325.53 2.2451198655838153e-13 0.0
21335.53 2.26785946901851e-13 0.0
21345.53 2.2579548000936484e-13 0.0
21355.53 2.2496896663907507e-13 0.0
21365.53 2.2450256245045435e-13 0.0
21375.53 2.2424132651730117e-13 0.0
21385.53 2.2247097704682477e-13 0.0
21395.53 2.2457474552950201e-13 0.0
21405.53 2.1990708033313885e-13 0.0
21415.53 2.2488452511458803e-13 0.0
21425.53 2.2201614702361023e-13 0.0
21435.53 2.2932512742988254e-13 0.0
21445.53 2.2683941003114424e-13 0.0
21455.53 2.2252717537669554e-13 0.0
21465.53 2.2618283448223835e-13 0.0
21475.53 2.2633674624587271e-13 0.0
21485.53 2.2186352437877433e-13 0.0
21495.53 2.2115586608202893e-13 0.0
21505.53 2.212203406859586e-13 0.0
21515.53 2.2324413397823844e-13 0.0
21525.53 2.2023311513114298e-13 0.0
21535.53 2.2099588772697845e-13 0.0
21545.53 2.2282345755926503e-13 0.0
21555.53 2.230456273682328e-13 0.0
21565.53 2.2290186254529652e-13 0.0
21575.53 2.212042184588676e-13 0.0
21585.53 2.2244155949148517e-13 0.0
21595.53 2.2109173234715286e-13 0.0
21605.53 2.2160652013586797e-13 0.0
21615.53 2.2329020054154318e-13 0.0
21625.53 2.1983332998654736e-13 0.0
21635.53 2.22640005361453e-13 0.0
21645.53 2.232197569417637e-13 0.0
21655.53 2.2001144795979789e-13 0.0
21665.53 2.2113284449877838e-13 0.0
21675.53 2.2151480444562376e-13 0.0
21685.53 2.2261975097214083e-13 0.0
21695.53 2.2306253728219801e-13 0.0
21705.53 2.187252222606101e-13 0.0
21715.53 2.1960534902234903e-13 0.0
21725.53 2.1874555916582058e-13 0.0
21735.53 2.1953629023640416e-13 0.0
21745.53 2.201790940448692e-13 0.0
21755.53 2.1843953647658897e-13 0.0
21765.53 2.1716621896245835e-13 0.0
21775.53 2.1942222107702103e-13 0.0
21785.53 2.1201164375023697e-13 0.0
21795.53 2.1637537212133063e-13 0.0
21805.53 2.168248479668984e-13 0.0
21815.53 2.18518345337525e-13 0.0
21825.53 2.1468948698319228e-13 0.0
21835.53 2.160691226332371e-13 0.0
21845.53 2.1836444123970425e-13 0.0
21855.53 2.1893885249119143e-13 0.0
21865.53 2.1796666468518143e-13 0.0
21875.53 2.1676252842604848e-13 0.0
21885.53 2.163873590574725e-13 0.0
21895.53 2.1415373963518175e-13 0.0
21905.53 2.110827246458721e-13 0.0
21915.53 2.1736608081244104e-13 0.0
21925.53 2.1585251398682448e-13 0.0
21935.53 2.1665814548397496e-13 0.0
21945.53 2.1629800368111499e-13 0.0
21955.53 2.1727136365499253e-13 0.0
21965.53 2.1604237607205413e-13 0.0
21975.53 2.1454855668355296e-13 0.0
21985.53 2.142886618747051e-13 0.0
21995.53 2.148908452804926e-13 0.0
22005.53 2.1212197819461382e-13 0.0
22015.53 2.1415394447124034e-13 0.0
22025.53 2.143246567199586e-13 0.0
22035.53 2.128418516535804e-13 0.0
22045.53 2.1241564152121326e-13 0.0
22055.53 1.9435973838353503e-13 0.0
22065.53 1.941983097810239e-13 0.0
22075.53 2.1168665714160845e-13 0.0
22085.53 1.920525404232093e-13 0.0
22095.53 2.0905914962223679e-13 0.0
22105.53 2.120123387627732e-13 0.0
22115.53 2.125924806499103e-13 0.0
22125.53 2.1277558159755202e-13 0.0
22135.53 2.135548771175206e-13 0.0
22145.53 2.131503302668661e-13 0.0
22155.53 2.126534742645752e-13 0.0
22165.53 2.12363639773728e-13 0.0
22175.53 2.1186600063504888e-13 0.0
22185.53 2.128543858696209e-13 0.0
22195.53 2.1083514611214915e-13 0.0
22205.53 2.101697015055839e-13 0.0
22215.53 2.0586759374841986e-13 0.0
22225.53 2.120592149631823e-13 0.0
22235.53 2.065857094793559e-13 0.0
22245.53 2.1284694147274065e-13 0.0
22255.53 2.115913084052925e-13 0.0
22265.53 2.0790751713990316e-13 0.0
22275.53 2.0195362637918267e-13 0.0
22285.53 2.0235068274675452e-13 0.0
22295.53 2.0865660401132814e-13 0.0
22305.53 2.0782374495425139e-13 0.0
22315.53 2.061949792835606e-13 0.0
22325.53 2.0924048406860496e-13 0.0
22335.53 2.0640003226992087e-13 0.0
22345.53 2.0714778352292012e-13 0.0
22355.53 2.0778940633452265e-13 0.0
22365.53 2.0854310114806417e-13 0.0
22375.53 2.0895199185449111e-13 0.0
22385.53 2.062411645173393e-13 0.0
22395.53 2.0633967721321172e-13 0.0
22405.53 2.0868238244214199e-13 0.0
22415.53 2.0638136878814728e-13 0.0
22425.53 2.0714454242992961e-13 0.0
22435.53 2.0694109843559225e-13 0.0
22445.53 2.0451654889926555e-13 0.0
22455.53 2.0833352494273443e-13 0.0
22465.53 2.0657099673361797e-13 0.0
22475.53 2.0610631653646654e-13 0.0
22485.53 2.0665228675324161e-13 0.0
22495.53 2.0570055914917178e-13 0.0
22505.53 2.0553882338041937e-13 0.0
22515.53 2.0615012752812596e-13 0.0
22525.53 2.056004399582039e-13 0.0
22535.53 2.0606968393959295e-13 0.0
22545.53 2.0131741419864938e-13 0.0
22555.53 2.0494576406117303e-13 0.0
22565.53 2.0610715989143792e-13 0.0
22575.53 2.0280363391490356e-13 0.0
22585.53 2.0424473733856554e-13 0.0
22595.53 2.0377118200563163e-13 0.0
22605.53 2.025692962959996e-13 0.0
22615.53 1.9680360642875703e-13 0.0
22625.53 1.9313665489370492e-13 0.0
22635.53 1.9992973742528479e-13 0.0
22645.53 2.0085178217684393e-13 0.0
22655.53 1.934774266005507e-13 0.0
22665.53 2.0088688412281239e-13 0.0
22675.53 2.0219556205600793e-13 0.0
22685.53 2.0086585882896259e-13 0.0
22695.53 2.004834929060085e-13 0.0
22705.53 1.991926782031697e-13 0.0
22715.53 1.9992752678592492e-13 0.0
22725.53 2.0094776260071887e-13 0.0
22735.53 2.003107678848268e-13 0.0
22745.53 2.001864119761674e-13 0.0
22755.53 2.0103718726916914e-13 0.0
22765.53 2.0078403512580806e-13 0.0
22775.53 2.0077707505773483e-13 0.0
22785.53 1.9827358091814835e-13 0.0
22795.53 1.9903595928764484e-13 0.0
22805.53 1.968213944101626e-13 0.0
22815.53 1.9801325752055535e-13 0.0
22825.53 1.9142116915359467e-13 0.0
22835.53 1.9758440683907576e-13 0.0
22845.53 1.9623321503036685e-13 0.0
22855.53 1.9806307157136218e-13 0.0
22865.53 1.9879531468226057e-13 0.0
22875.53 1.9847447867685238e-13 0.0
22885.53 1.9765844258994467e-13 0.0
22895.53 1.9704876691188285e-13 0.0
22905.53 1.98155267108418e-13 0.0
22915.53 1.952030551694442e-13 0.0
22925.53 1.958447577022326e-13 0.0
22935.53 1.6545250044618997e-13 0.0
22945.53 1.7584745103232758e-13 0.0
22955.53 1.8009277624925117e-13 0.0
22965.53 1.7687878346064602e-13 0.0
22975.53 1.8458478900742943e-13 0.0
22985.53 1.8080489409340016e-13 0.0
22995.53 1.8892485430049473e-13 0.0
23005.53 1.867249009835511e-13 0.0
23015.53 1.8406181023607556e-13 0.0
23025.53 1.88159115518197e-13 0.0
23035.53 1.8682918376910712e-13 0.0
23045.53 1.8507534219785515e-13 0.0
23055.53 1.8593781812655388e-13 0.0
23065.53 1.8701567643238059e-13 0.0
23075.53 1.8620733982367825e-13 0.0
23085.53 1.8629383411017906e-13 0.0
23095.53 1.8624769472652543e-13 0.0
23105.53 1.839978948323789e-13 0.0
23115.53 1.8809541610872906e-13 0.0
23125.53 1.848517694325004e-13 0.0
23135.53 1.8305301228568622e-13 0.0
23145.53 1.8182647872660262e-13 0.0
23155.53 1.8930109597406987e-13 0.0
23165.53 1.836327633268406e-13 0.0
23175.53 1.82690951070599e-13 0.0
23185.53 1.8510150571979076e-13 0.0
23195.53 1.885226297695016e-13 0.0
23205.53 1.7856755675581049e-13 0.0
23215.53 1.8409365516367607e-13 0.0
23225.53 1.584289775100129e-13 0.0
23235.53 1.6684525103591326e-13 0.0
23245.53 1.6522336672954199e-13 0.0
23255.53 1.7277962558644352e-13 0.0
23265.53 1.7587746690609855e-13 0.0
23275.53 1.749262048999925e-13 0.0
23285.53 1.7457313183208824e-13 0.0
23295.53 1.7482671276387589e-13 0.0
23305.53 1.709392645886867e-13 0.0
23315.53 1.7460861995096529e-13 0.0
23325.53 1.792784957400353e-13 0.0
23335.53 1.7710927523894953e-13 0.0
23345.53 1.73329557481034e-13 0.0
23355.53 1.6503759087071255e-13 0.0
23365.53 1.7193796088056078e-13 0.0
23375.53 1.7199887644874965e-13 0.0
23385.53 1.5913080786257372e-13 0.0
23395.53 1.760294647498195e-13 0.0
23405.53 1.740255337574512e-13 0.0
23415.53 1.7402089361021552e-13 0.0
23425.53 1.7839959371398818e-13 0.0
23435.53 1.7335636979232232e-13 0.0
23445.53 1.7188042476472022e-13 0.0
23455.53 1.7386569410867805e-13 0.0
23465.53 1.746857836904491e-13 0.0
23475.53 1.7394558567210811e-13 0.0
23485.53 1.7895207809505045e-13 0.0
23495.53 1.7134208468740477e-13 0.0
23505.53 1.7125120806684006e-13 0.0
23515.53 1.7304623153014215e-13 0.0
23525.53 1.4611241320423403e-13 0.0
23535.53 1.5697378219028617e-13 0.0
23545.53 1.5915570827375825e-13 0.0
23555.53 1.6325445582998095e-13 0.0
23565.53 1.6537432099492295e-13 0.0
23575.53 1.6676514842876498e-13 0.0
23585.53 1.6240377923170314e-13 0.0
23595.53 1.6776495219421463e-13 0.0
23605.53 1.6523615670685004e-13 0.0
23615.53 1.6818473758812884e-13 0.0
23625.53 1.6309219159687645e-13 0.0
23635.53 1.6795481516419667e-13 0.0
23645.53 1.690784443715148e-13 0.0
23655.53 1.6817989356452957e-13 0.0
23665.53 1.6670453308032007e-13 0.0
23675.53 1.6297797106459927e-13 0.0
23685.53 1.6601125369592644e-13 0.0
23695.53 1.6721471122309198e-13 0.0
23705.53 1.6704440068438114e-13 0.0
23715.53 1.724542660972026e-13 0.0
23725.53 1.643102765019283e-13 0.0
23735.53 1.670407872740882e-13 0.0
23745.53 1.661354209612495e-13 0.0
23755.53 1.6620780926281452e-13 0.0
23765.53 1.6312891939479392e-13 0.0
23775.53 1.698259518633211e-13 0.0
23785.53 1.6200884975922963e-13 0.0
23795.53 1.6450098454989891e-13 0.0
23805.53 1.6216417961119678e-13 0.0
23815.53 1.6518547023096724e-13 0.0
23825.53 1.4849381852794342e-13 0.0
23835.53 1.4369933581497791e-13 0.0
23845.53 1.5516709529853277e-13 0.0
23855.53 1.5306931815418455e-13 0.0
23865.53 1.5296119493381884e-13 0.0
23875.53 1.5258362031294962e-13 0.0
23885.53 1.5709306345093953e-13 0.0
23895.53 1.5456347496537402e-13 0.0
23905.53 1.577945438836019e-13 0.0
23915.53 1.5394707921758732e-13 0.0
23925.53 1.533763117418625e-13 0.0
23935.53 1.632318266021523e-13 0.0
23945.53 1.5574319237884991e-13 0.0
23955.53 1.5605464941739677e-13 0.0
23965.53 1.5321319726403387e-13 0.0
23975.53 1.549336778297174e-13 0.0
23985.53 1.5753508165646543e-13 0.0
23995.53 1.5597360422487102e-13 0.0
24005.53 1.503935169694343e-13 0.0
24015.53 1.5570222041994528e-13 0.0
24025.53 1.488126759929307e-13 0.0
24035.53 1.5480842921582951e-13 0.0
24045.53 1.5373753936072436e-13 0.0
24055.53 1.5031467600313715e-13 0.0
24065.53 1.5130868955723846e-13 0.0
24075.53 1.531932396471077e-13 0.0
24085.53 1.4620409187053578e-13 0.0
24095.53 1.4959318435158317e-13 0.0
24105.53 1.5017565280347253e-13 0.0
24115.53 1.5258168150863097e-13 0.0
24125.53 1.4600876755305592e-13 0.0
24135.53 1.4266120964028833e-13 0.0
24145.53 1.3827384741214867e-13 0.0
24155.53 1.4922453463596863e-13 0.0
24165.53 1.3836141472164144e-13 0.0
24175.53 1.4103061833318201e-13 0.0
24185.53 1.5413709519563403e-13 0.0
24195.53 1.3838683261172323e-13 0.0
24205.53 1.5010389083214855e-13 0.0
