reference_uv_spectra/lya_masked/M4-3127-gj876-muscles.spec
# %ECSV 0.9
# ---
# datatype:
# - {name: w, datatype: float64}
# - {name: f, datatype: float64}
# - {name: e, datatype: float64}
# meta: !!omap
# - {distance: 10}
# - {w0: 1170.0}
# - {filename: M4-3127-gj876-muscles.spec}
# schema: astropy-2.0
w f e
[from data line 3802]
23755.53 6.960370432329193e-14 0.0
23765.53 6.751576100969422e-14 0.0
23775.53 7.164484474821609e-14 0.0
23785.53 6.908314664138998e-14 0.0
23795.53 6.665532618567698e-14 0.0
23805.53 6.966479186390178e-14 0.0
23815.53 6.776677591650358e-14 0.0
23825.53 6.482506595109507e-14 0.0
23835.53 6.002512581812665e-14 0.0
23845.53 6.452477793626409e-14 0.0
23855.53 6.444991499522867e-14 0.0
23865.53 6.409203824375197e-14 0.0
23875.53 6.425402366611843e-14 0.0
23885.53 6.353871778467431e-14 0.0
23895.53 6.543786729169854e-14 0.0
23905.53 6.689489129873109e-14 0.0
23915.53 6.292306269296053e-14 0.0
23925.53 6.186489966501081e-14 0.0
23935.53 6.749761892405575e-14 0.0
23945.53 6.780514480584932e-14 0.0
23955.53 6.509438246478637e-14 0.0
23965.53 6.24082698880154e-14 0.0
23975.53 6.569714414211764e-14 0.0
23985.53 6.529674849968334e-14 0.0
23995.53 6.306696044493794e-14 0.0
24005.53 6.37093089813002e-14 0.0
24015.53 6.358766407698598e-14 0.0
24025.53 6.025362461413884e-14 0.0
24035.53 6.690479654300307e-14 0.0
24045.53 6.025339044894409e-14 0.0
24055.53 6.294425931597431e-14 0.0
24065.53 6.311849954389594e-14 0.0
24075.53 6.124967540084787e-14 0.0
24085.53 5.896391297285963e-14 0.0
24095.53 6.105740221213883e-14 0.0
24105.53 6.105070556581144e-14 0.0
24115.53 6.150545221625129e-14 0.0
24125.53 6.154538529205853e-14 0.0
24135.53 5.879861031205311e-14 0.0
24145.53 5.6449646891530574e-14 0.0
24155.53 6.313599172853366e-14 0.0
24165.53 5.6521948297193215e-14 0.0
24175.53 5.682263220914397e-14 0.0
24185.53 6.476539324382094e-14 0.0
24195.53 5.71221388980783e-14 0.0
24205.53 6.159054185118256e-14 0.0
24215.53 5.924927783032457e-14 0.0
24225.53 5.763796408352995e-14 0.0
24235.53 5.852342941141188e-14 0.0
24245.53 6.09102676301289e-14 0.0
24255.53 5.767238675965682e-14 0.0
24265.53 5.58728067751351e-14 0.0
24275.53 5.934472903235678e-14 0.0
24285.53 5.73259406028252e-14 0.0
24295.53 6.047716253446893e-14 0.0
24305.53 5.707148171212331e-14 0.0
24315.53 5.474048806749399e-14 0.0
24325.53 6.111461913134736e-14 0.0
24335.53 5.423254181976992e-14 0.0
24345.53 5.6409727036054757e-14 0.0
24355.53 5.996004284887128e-14 0.0
24365.53 5.4328403093778394e-14 0.0
24375.53 5.188444446562052e-14 0.0
24385.53 5.873689344838005e-14 0.0
24395.53 6.020947019243329e-14 0.0
24405.53 5.566787123311898e-14 0.0
24415.53 5.4896740934779276e-14 0.0
24425.53 5.523750753055876e-14 0.0
24435.53 5.463698186056238e-14 0.0
24445.53 5.134286473671812e-14 0.0
24455.53 6.021789211819152e-14 0.0
24465.53 5.354858936567015e-14 0.0
24475.53 5.473486360262636e-14 0.0
24485.53 5.307074674796996e-14 0.0
24495.53 5.405330435053539e-14 0.0
24505.53 5.516043260855924e-14 0.0
24515.53 5.321612352332581e-14 0.0
24525.53 5.191136171697046e-14 0.0
24535.53 5.176072975358163e-14 0.0
24545.53 4.652854616760584e-14 0.0
24555.53 5.469005697088673e-14 0.0
24565.53 5.5815079490120825e-14 0.0
24575.53 5.564926156171898e-14 0.0
24585.53 5.463659962598479e-14 0.0
24595.53 5.186481120821556e-14 0.0
24605.53 5.072492520628595e-14 0.0
24615.53 4.593889788970138e-14 0.0
24625.53 5.5482591109296825e-14 0.0
24635.53 5.351754016348505e-14 0.0
24645.53 5.6045839715995505e-14 0.0
24655.53 5.177201428864463e-14 0.0
24665.53 5.32682378957528e-14 0.0
24675.53 4.9126585329265245e-14 0.0
24685.53 4.970788016162643e-14 0.0
24695.53 5.4209303357827764e-14 0.0
24705.53 5.13042386847368e-14 0.0
24715.53 5.010862941785825e-14 0.0
24725.53 5.2911863818774824e-14 0.0
24735.53 4.8679393084068316e-14 0.0
24745.53 4.765896786331884e-14 0.0
24755.53 4.827835366557484e-14 0.0
24765.53 5.280245594874343e-14 0.0
24775.53 5.222420091716271e-14 0.0
24785.53 4.954013373549365e-14 0.0
24795.53 4.9080332047473455e-14 0.0
24805.53 4.884125313100021e-14 0.0
24815.53 4.6757840689033434e-14 0.0
24825.53 4.7119640323554784e-14 0.0
24835.53 5.286869863543328e-14 0.0
24845.53 5.1635672075395726e-14 0.0
24855.53 4.958486811135241e-14 0.0
24865.53 4.694122975778595e-14 0.0
24875.53 4.618357956375504e-14 0.0
24885.53 4.5446224621344963e-14 0.0
24895.53 4.7445898240707825e-14 0.0
24905.53 4.3975490319535793e-14 0.0
24915.53 4.5897466432504143e-14 0.0
24925.53 4.790978023714725e-14 0.0
24935.53 4.687311404244268e-14 0.0
24945.53 4.786357287835512e-14 0.0
24955.53 4.901257725150416e-14 0.0
24965.53 4.892561127704635e-14 0.0
24975.53 4.6480952706852106e-14 0.0
24985.53 4.3462136006656754e-14 0.0
24995.53 4.6809199380602936e-14 0.0
25005.53 4.5193320307375174e-14 0.0
25015.53 4.8203710436945007e-14 0.0
25025.53 4.8450365448453536e-14 0.0
25035.53 4.3356152845927465e-14 0.0
25045.53 4.513225546323649e-14 0.0
25055.53 4.406031701964109e-14 0.0
25065.53 4.1621938187770594e-14 0.0
25075.53 4.643501229640765e-14 0.0
25085.53 4.780004616244423e-14 0.0
25095.53 4.832615947054013e-14 0.0
25105.53 4.6552686045939564e-14 0.0
25115.53 4.516205041001121e-14 0.0
25125.53 4.3287705098756033e-14 0.0
25135.53 4.464775738279454e-14 0.0
25145.53 4.5447189422684364e-14 0.0
25155.53 4.0536616944885526e-14 0.0
25165.53 4.776086079591355e-14 0.0
25175.53 4.875854910944008e-14 0.0
25185.53 4.5933799234142875e-14 0.0
25195.53 4.3345005559690914e-14 0.0
25205.53 4.372722474973791e-14 0.0
25215.53 4.7969042983949065e-14 0.0
25225.53 4.5942048947349575e-14 0.0
25235.53 4.360175196407241e-14 0.0
25245.53 4.27646957875631e-14 0.0
25255.53 4.383888554609102e-14 0.0
25265.53 4.622467876706748e-14 0.0
25275.53 4.108526231963766e-14 0.0
25285.53 4.286389307395097e-14 0.0
25295.53 4.517289128898605e-14 0.0
25305.53 4.797030749867379e-14 0.0
25315.53 4.261160273603162e-14 0.0
25325.53 4.6937352033384717e-14 0.0
25335.53 4.370913117526452e-14 0.0
25345.53 4.6612289035247026e-14 0.0
25355.53 4.088701395157286e-14 0.0
25365.53 4.234870766278278e-14 0.0
25375.53 4.1232818662223564e-14 0.0
25385.53 4.604135398538596e-14 0.0
25395.53 4.136933900732845e-14 0.0
25405.53 4.321406770049252e-14 0.0
25415.53 4.3077819443215245e-14 0.0
25425.53 4.4422814345812595e-14 0.0
25435.53 4.043171746094496e-14 0.0
25445.53 4.480577669522919e-14 0.0
25455.53 4.455833285463411e-14 0.0
25465.53 4.475013183972313e-14 0.0
25475.53 4.356828715006678e-14 0.0
25485.53 4.2385784782505714e-14 0.0
25495.53 4.25158771553778e-14 0.0
25505.53 4.1811298628118354e-14 0.0
25515.53 4.678446573320716e-14 0.0
25525.53 4.129366000294656e-14 0.0
25535.53 4.319112225148322e-14 0.0
25545.53 4.5720748872308345e-14 0.0
25555.53 4.284039391065321e-14 0.0
25565.53 4.0810616801928526e-14 0.0
25575.53 4.378147090602474e-14 0.0
25585.53 4.5550026005568854e-14 0.0
25595.53 4.2712695148872103e-14 0.0
25605.53 3.9776692526079705e-14 0.0
25615.53 4.3109734265095965e-14 0.0
25625.53 4.0407292302410904e-14 0.0
25635.53 4.210061436257053e-14 0.0
25645.53 4.2534718638850515e-14 0.0
25655.53 4.356465263814826e-14 0.0
25665.53 4.1505898365910624e-14 0.0
25675.53 4.264366116912254e-14 0.0
25685.53 4.215388721348087e-14 0.0
25695.53 3.9096627535109394e-14 0.0
25705.53 4.587184591357117e-14 0.0
25715.53 4.8209006695818895e-14 0.0
25725.53 4.459752807185191e-14 0.0
25735.53 3.9972755468490477e-14 0.0
25745.53 4.168283202369137e-14 0.0
25755.53 4.115018640002914e-14 0.0
25765.53 4.097501670320895e-14 0.0
25775.53 3.8494107970855074e-14 0.0
25785.53 3.9813735610091487e-14 0.0
25795.53 4.421231312533149e-14 0.0
25805.53 4.5976634028312884e-14 0.0
25815.53 4.0563845213374734e-14 0.0
25825.53 4.0869643610804815e-14 0.0
25835.53 4.0925582337857194e-14 0.0
25845.53 4.26281006147901e-14 0.0
25855.53 4.532838328262212e-14 0.0
25865.53 4.5940339098807624e-14 0.0
25875.53 4.059655658934039e-14 0.0
25885.53 4.1472756860286424e-14 0.0
25895.53 3.99544182591346e-14 0.0
25905.53 4.295042311959376e-14 0.0
25915.53 4.350780576852651e-14 0.0
25925.53 4.22659654721727e-14 0.0
25935.53 4.19236791994865e-14 0.0
25945.53 3.977822196181513e-14 0.0
25955.53 4.220837678784615e-14 0.0
25965.53 4.333275366386763e-14 0.0
25975.53 3.9924404117645286e-14 0.0
25985.53 4.063099078900308e-14 0.0
25995.53 4.2053767533359736e-14 0.0
26005.53 4.4098231136170266e-14 0.0
26015.53 4.10369498991381e-14 0.0
26025.53 4.542889135439838e-14 0.0
26035.53 4.144756899962041e-14 0.0
26045.53 4.134269252077209e-14 0.0
26055.53 4.224009078483252e-14 0.0
26065.53 4.395961737196642e-14 0.0
26075.53 4.127176923258611e-14 0.0
26085.53 3.7792828481332504e-14 0.0
26095.53 4.1182405376717405e-14 0.0
26105.53 4.4625318738412997e-14 0.0
26115.53 4.43885310269542e-14 0.0
26125.53 4.3533383243875536e-14 0.0
26135.53 4.1957225565683667e-14 0.0
26145.53 4.143203016692678e-14 0.0
26155.53 4.3968636195018344e-14 0.0
26165.53 4.216613671858675e-14 0.0
26175.53 4.015800007123325e-14 0.0
26185.53 3.988991924353341e-14 0.0
26195.53 4.023792067986977e-14 0.0
26205.53 4.195432034172946e-14 0.0
26215.53 4.135296557537023e-14 0.0
26225.53 4.0684662750257647e-14 0.0
26235.53 4.2344052571743534e-14 0.0
26245.53 4.134048421447514e-14 0.0
26255.53 4.076792196853796e-14 0.0
26265.53 4.002070730689896e-14 0.0
26275.53 4.1777659205715277e-14 0.0
26285.53 4.285520781909112e-14 0.0
26295.53 4.2610622731195277e-14 0.0
26305.53 3.867259599700112e-14 0.0
26315.53 4.1974456326299435e-14 0.0
26325.53 4.2338804017450916e-14 0.0
26335.53 4.045709272951171e-14 0.0
26345.53 3.733786049977733e-14 0.0
26355.53 4.1314073041984693e-14 0.0
26365.53 4.191498519127734e-14 0.0
26375.53 4.20505714078512e-14 0.0
26385.53 4.075730328177346e-14 0.0
26395.53 4.384902658783327e-14 0.0
26405.53 3.771857157227036e-14 0.0
26415.53 3.8723829389608893e-14 0.0
26425.53 4.0668182412277646e-14 0.0
26435.53 4.1888794164469675e-14 0.0
26445.53 4.1860154616212665e-14 0.0
26455.53 3.789386790440392e-14 0.0
26465.53 4.064743171534241e-14 0.0
26475.53 4.0655923902731774e-14 0.0
26485.53 4.138588627720675e-14 0.0
26495.53 4.021668644209976e-14 0.0
26505.53 4.123517800913611e-14 0.0
26515.53 4.089643557274696e-14 0.0
26525.53 4.007255564435111e-14 0.0
26535.53 4.292095661389752e-14 0.0
26545.53 4.043612229820925e-14 0.0
26555.53 4.111454883087396e-14 0.0
26565.53 3.9769640573956854e-14 0.0
26575.53 4.3235329139642027e-14 0.0
26585.53 4.348772235492406e-14 0.0
26595.53 4.2118715549752525e-14 0.0
26605.53 3.8220049200313125e-14 0.0
26615.53 4.044621570121382e-14 0.0
26625.53 4.506611438373213e-14 0.0
26635.53 4.1104467267553656e-14 0.0
26645.53 3.990092118243173e-14 0.0
26655.53 3.996058604336008e-14 0.0
26665.53 4.0448717613035804e-14 0.0
26675.53 4.0439315512993286e-14 0.0
26685.53 4.1635092130462523e-14 0.0
26695.53 4.0349373864642474e-14 0.0
26705.53 3.480674609597924e-14 0.0
26715.53 4.214133266186675e-14 0.0
26725.53 4.378097620586175e-14 0.0
26735.53 3.986850188766268e-14 0.0
26745.53 4.105082708409668e-14 0.0
26755.53 4.0367155683966055e-14 0.0
26765.53 3.7885387336999656e-14 0.0
26775.53 3.562383912598408e-14 0.0
26785.53 4.125940780994335e-14 0.0
26795.53 4.035711628634291e-14 0.0
26805.53 4.011909403945953e-14 0.0
26815.53 3.890266448208704e-14 0.0
26825.53 3.9839333704861163e-14 0.0
26835.53 4.099460862706045e-14 0.0
26845.53 3.885581009343807e-14 0.0
26855.53 3.9666964687325886e-14 0.0
26865.53 3.533078599848703e-14 0.0
26875.53 4.2681586116837374e-14 0.0
26885.53 3.878316587658447e-14 0.0
26895.53 4.288098514975475e-14 0.0
26905.53 3.9966384403884995e-14 0.0
26915.53 3.9047414691951684e-14 0.0
26925.53 3.971177440722025e-14 0.0
26935.53 3.551166937048723e-14 0.0
26945.53 3.426330452633072e-14 0.0
26955.53 3.856821261908614e-14 0.0
26965.53 3.627104748927259e-14 0.0
26975.53 3.787811003895766e-14 0.0
26985.53 3.87238637337757e-14 0.0
26995.53 4.161022944214672e-14 0.0
27005.53 4.2369492702189095e-14 0.0
27015.53 3.7063263608128664e-14 0.0
27025.53 3.88355276080265e-14 0.0
27035.53 3.732081717915691e-14 0.0
27045.53 3.557830014629089e-14 0.0
27055.53 3.804847240603462e-14 0.0
27065.53 3.7652142864448076e-14 0.0
27075.53 3.938335814833304e-14 0.0
27085.53 3.821076342333007e-14 0.0
27095.53 3.82712623304287e-14 0.0
27105.53 3.7718935225021316e-14 0.0
27115.53 3.4736444771058336e-14 0.0
27125.53 3.493856313277708e-14 0.0
27135.53 3.9948420705825403e-14 0.0
27145.53 3.644081176014028e-14 0.0
27155.53 3.8304527975390124e-14 0.0
27165.53 3.606085734896191e-14 0.0
27175.53 3.5965360132567936e-14 0.0
27185.53 3.734567329113869e-14 0.0
27195.53 3.857698403039025e-14 0.0
27205.53 3.638717235204105e-14 0.0
27215.53 3.928143746788196e-14 0.0
27225.53 3.5099523391043406e-14 0.0
27235.53 3.675581757569263e-14 0.0
27245.53 3.374700167679032e-14 0.0
27255.53 3.4672326220281825e-14 0.0
27265.53 3.84340910619821e-14 0.0
27275.53 3.5976895730057654e-14 0.0
27285.53 3.3546051457630105e-14 0.0
27295.53 3.536623020714299e-14 0.0
27305.53 3.435073715216685e-14 0.0
27315.53 4.068696541892005e-14 0.0
27325.53 3.818656413469272e-14 0.0
27335.53 3.7382148573438516e-14 0.0
27345.53 3.9136879977865154e-14 0.0
27355.53 3.309492517729816e-14 0.0
27365.53 3.1218548852179136e-14 0.0
27375.53 3.6738177831215336e-14 0.0
27385.53 3.402006121431035e-14 0.0
27395.53 3.4345780369994794e-14 0.0
27405.53 3.271521567415732e-14 0.0
27415.53 3.5055173863652974e-14 0.0
27425.53 3.896529710409865e-14 0.0
27435.53 3.670040713659608e-14 0.0
27445.53 3.4946559110895144e-14 0.0
27455.53 3.622488847050187e-14 0.0
27465.53 3.552406647493056e-14 0.0
27475.53 3.528429537492014e-14 0.0
27485.53 3.603750785770942e-14 0.0
27495.53 3.549200263650385e-14 0.0
27505.53 3.280085771597673e-14 0.0
27515.53 3.487389695146008e-14 0.0
27525.53 3.526047737874302e-14 0.0
27535.53 3.6645385221007244e-14 0.0
27545.53 3.17569254614714e-14 0.0
27555.53 3.414127445264346e-14 0.0
27565.53 3.4686284057997106e-14 0.0
27575.53 3.697248951138964e-14 0.0
27585.53 3.548270342676939e-14 0.0
27595.53 3.531813358718782e-14 0.0
27605.53 3.555096409844262e-14 0.0
27615.53 3.502724316095629e-14 0.0
27625.53 3.560191829633512e-14 0.0
27635.53 3.7218279727115795e-14 0.0
27645.53 3.166110574878057e-14 0.0
27655.53 3.382181280687176e-14 0.0
27665.53 3.2512936405212635e-14 0.0
27675.53 3.274046034260995e-14 0.0
27685.53 3.351664540010101e-14 0.0
27695.53 3.445252088037709e-14 0.0
27705.53 3.238934981513747e-14 0.0
27715.53 3.450312213978232e-14 0.0
27725.53 3.4927254001622654e-14 0.0
27735.53 3.409681957842535e-14 0.0
27745.53 3.890807983540631e-14 0.0
27755.53 3.315436813983072e-14 0.0
27765.53 3.385782408477124e-14 0.0
27775.53 3.436181207010869e-14 0.0
27785.53 3.2753894661106994e-14 0.0
27795.53 3.2660833153217404e-14 0.0
27805.53 3.415059976629554e-14 0.0
27815.53 3.4718573566928635e-14 0.0
27825.53 3.2846626505055644e-14 0.0
27835.53 3.581116578360497e-14 0.0
27845.53 3.4247270155705585e-14 0.0
27855.53 3.1071747510673684e-14 0.0
27865.53 2.9610489569625554e-14 0.0
27875.53 3.399953353577346e-14 0.0
27885.53 3.137766904010044e-14 0.0
27895.53 3.311769584126559e-14 0.0
27905.53 3.470738656415264e-14 0.0
27915.53 3.346538996379164e-14 0.0
27925.53 3.142301169207347e-14 0.0
27935.53 3.494738102654446e-14 0.0
27945.53 3.4479383028263346e-14 0.0
27955.53 3.413705425602989e-14 0.0
27965.53 3.372839546635536e-14 0.0
27975.53 3.32532693278607e-14 0.0
27985.53 3.287338089798466e-14 0.0
27995.53 3.550294472011674e-14 0.0
28005.53 3.2035543037326774e-14 0.0
28015.53 3.2159157238153124e-14 0.0
28025.53 3.110591841684489e-14 0.0
28035.53 3.004021664855055e-14 0.0
28045.53 3.0760856030400885e-14 0.0
28055.53 2.8061439713740302e-14 0.0
28065.53 3.319204343426236e-14 0.0
28075.53 3.4490620171998374e-14 0.0
28085.53 3.226275492609061e-14 0.0
28095.53 3.1097364165142915e-14 0.0
28105.53 3.284345158204737e-14 0.0
28115.53 3.476644630614968e-14 0.0
28125.53 3.349075046069109e-14 0.0
28135.53 2.989721576314047e-14 0.0
28145.53 3.226368700842495e-14 0.0
28155.53 3.3560547061963863e-14 0.0
28165.53 3.30228261291301e-14 0.0
28175.53 2.944934456011446e-14 0.0
28185.53 3.2119458779181256e-14 0.0
28195.53 2.921969489295085e-14 0.0
28205.53 2.772038248288272e-14 0.0
28215.53 3.1178187837128967e-14 0.0
28225.53 3.1673438086388144e-14 0.0
28235.53 3.267254175598718e-14 0.0
28245.53 3.191982926719273e-14 0.0
28255.53 3.004776940013535e-14 0.0
28265.53 3.276646976886244e-14 0.0
