reference_uv_spectra/lya_masked/M4-3127-gj876-muscles.spec
# %ECSV 0.9
# ---
# datatype:
# - {name: w, datatype: float64}
# - {name: f, datatype: float64}
# - {name: e, datatype: float64}
# meta: !!omap
# - {distance: 10}
# - {w0: 1170.0}
# - {filename: M4-3127-gj876-muscles.spec}
# schema: astropy-2.0
w f e
[from data line 339]
1218.9199999999935 nan nan
1218.9699999999934 nan nan
1219.0199999999934 nan nan
1219.0699999999933 nan nan
1219.1199999999933 nan nan
1219.1699999999933 nan nan
1219.2199999999932 nan nan
1219.2699999999932 nan nan
1219.3199999999931 nan nan
1219.369999999993 nan nan
1219.419999999993 nan nan
1219.469999999993 nan nan
1219.519999999993 nan nan
1219.569999999993 nan nan
1219.6199999999928 nan nan
1219.67 4.7304579285331784e-17 2.7006058033007256e-18
1229.67 2.057043292811768e-17 1.8647235608677154e-18
1236.821 1.5510183983795137e-17 2.783535421863732e-18
1236.8709999999999 1.2551839053775646e-17 2.32830250079985e-17
1236.9209999999998 8.108781633828709e-18 2.2940152506660294e-17
1236.9709999999998 4.163934684997957e-18 2.262696921646305e-17
1237.0209999999997 1.5346600228632938e-17 2.3544520325661022e-17
1237.0709999999997 2.6335398378016516e-17 2.43544211115237e-17
1237.1209999999996 2.3908400250631477e-17 2.4200593744265673e-17
1237.1709999999996 1.4898007914722633e-17 2.345936990565334e-17
1237.2209999999995 2.5330970567837784e-17 2.43802082470268e-17
1237.2709999999995 1.0809776876631201e-17 2.318040667594803e-17
1237.3209999999995 4.98641522031304e-18 2.2662819925851896e-17
1237.3709999999994 2.814932020025883e-17 2.445251265394289e-17
1237.4209999999994 1.682713355816023e-17 2.361811967485636e-17
1237.4709999999993 7.299464616752078e-18 2.2829118436508856e-17
1237.5209999999993 1.860807736906942e-17 2.3688548853909663e-17
1237.5709999999992 1.980367378640235e-17 2.3774729217450772e-17
1237.6209999999992 2.6848543590661777e-17 2.4337773077364584e-17
1237.6709999999991 1.6164812744917673e-17 2.3480987268669337e-17
1237.720999999999 3.75936014516671e-17 2.5125775942438735e-17
1237.770999999999 5.772609022809955e-17 2.6623035582066893e-17
1237.820999999999 7.942157069317633e-17 2.800963924559034e-17
1237.870999999999 1.414961487938437e-16 3.172764451730165e-17
1237.920999999999 8.389402285051262e-17 2.8250539916770316e-17
1237.9709999999989 6.029284793176959e-17 2.6679000778730727e-17
1238.0209999999988 2.2806600929412006e-17 2.4015292790614684e-17
1238.0709999999988 2.64235865643673e-17 2.4321953901522603e-17
1238.1209999999987 2.7131772898622544e-17 2.4363230664096714e-17
1238.1709999999987 1.830694865435985e-17 2.36921749498283e-17
1238.2209999999986 2.7563341997725652e-17 2.4296295104354326e-17
1238.2709999999986 3.152282185774505e-17 2.4694468585608475e-17
1238.3209999999985 6.227575474432753e-17 2.6823580532579546e-17
1238.3709999999985 6.985713276025727e-17 2.7313142996119105e-17
1238.4209999999985 8.163748799767968e-17 2.796779073730321e-17
1238.4709999999984 1.1749174079324199e-16 3.0305034093609556e-17
1238.5209999999984 2.4877188709835004e-16 3.6882918208435876e-17
1238.5709999999983 3.6098769747899707e-16 4.157635058464972e-17
1238.6209999999983 7.614738479252072e-16 5.4177284529949694e-17
1238.6709999999982 1.377191959980527e-15 6.830730307274845e-17
1238.7209999999982 3.0150075736233802e-15 9.5151063405514e-17
1238.7709999999981 5.663574118503903e-15 1.2590866169723897e-16
1238.820999999998 7.069876956006838e-15 1.391546957680143e-16
1238.870999999998 5.628466750584391e-15 1.2534357743351892e-16
1238.920999999998 2.9656481690469877e-15 9.423794495271163e-17
1238.970999999998 1.5200318862961756e-15 7.106398015945972e-17
1239.020999999998 8.843551906786979e-16 5.730480154598664e-17
1239.0709999999979 3.6672910484030735e-16 4.167115452398194e-17
1239.1209999999978 2.607022075849117e-16 3.73672179068452e-17
1239.1709999999978 1.6499472356686038e-16 3.2803511883513246e-17
1239.2209999999977 1.0041165249110445e-16 2.913974399869247e-17
1239.2709999999977 7.464202926790776e-17 2.7585221585303247e-17
1239.3209999999976 6.868837484297844e-17 2.717138447458718e-17
1239.3709999999976 4.3579376173430885e-17 2.5449162518022097e-17
1239.4209999999975 5.161793903586779e-17 2.6002597561277064e-17
1239.4709999999975 3.4069824514846555e-17 2.4743815243994024e-17
1239.5209999999975 3.4792972601550275e-17 2.4821181512381015e-17
1239.5709999999974 2.6130727618964533e-17 2.4186566627406542e-17
1239.6209999999974 2.627528985917889e-17 2.4160887876413382e-17
1239.6709999999973 9.15952176517164e-18 2.2799474363073802e-17
1239.7209999999973 1.1100329306746975e-17 2.2971106039022795e-17
1239.7709999999972 1.0620372517324242e-17 2.2894735381612374e-17
1239.8209999999972 1.1757600300636743e-17 2.3027968548085262e-17
1239.8709999999971 8.58909589580846e-18 2.2788540943575215e-17
1239.920999999997 1.451180036428102e-17 2.325234775713083e-17
1239.970999999997 1.0523349563413654e-17 2.2962399725236998e-17
1240.020999999997 1.6232409591018556e-17 2.3424471537707398e-17
1240.070999999997 2.2746999393875424e-17 2.4036619022510132e-17
1240.120999999997 1.452088013058089e-17 2.341190297592624e-17
1240.1709999999969 2.273352863037244e-17 2.4002887870427094e-17
1240.2209999999968 8.839682610982678e-18 2.2845260239735868e-17
1240.2709999999968 1.6151663727611888e-17 2.345796395187362e-17
1240.3209999999967 4.889688630716918e-18 2.24777881146418e-17
1240.3709999999967 1.7742315106633813e-17 2.3499125801756837e-17
1240.4209999999966 6.878834296578509e-18 2.2667436573814123e-17
1240.4709999999966 2.116495243553385e-17 2.3737981416805145e-17
1240.5209999999965 1.661059363630039e-17 2.34548656170178e-17
1240.5709999999965 3.0684955773593336e-17 2.447649637006037e-17
1240.6209999999965 2.0210366002946078e-17 2.366264342479335e-17
1240.6709999999964 2.396774342543257e-17 2.3970080072715934e-17
1240.7209999999964 1.513001996253314e-17 2.3241735545823397e-17
1240.7709999999963 2.527740369607036e-17 2.4008411026022036e-17
1240.8209999999963 3.2967885386969977e-18 2.236234012700749e-17
1240.8709999999962 1.1584057277104835e-17 2.3005941435180377e-17
1240.9209999999962 9.350535240091246e-18 2.2846519807395292e-17
1240.9709999999961 6.953259310334537e-18 2.2665118531035987e-17
1241.020999999996 1.9740442397773973e-18 2.223015777745331e-17
1241.070999999996 1.1412595058002779e-17 2.2983035280707086e-17
1241.120999999996 1.4180645633345785e-18 2.22090296572423e-17
1241.170999999996 1.2983759446149074e-17 2.3077739741109968e-17
1241.220999999996 1.1291668981413991e-17 2.2938679517554897e-17
1241.2709999999959 9.925520859362481e-18 2.2792740023319104e-17
1241.3209999999958 6.99682823488653e-18 2.2573446071498565e-17
1241.3709999999958 1.7549636214739342e-17 2.340168418921597e-17
1241.4209999999957 1.4560101697525965e-17 2.3231648330603988e-17
1241.4709999999957 1.666874748697394e-17 2.3341163331212192e-17
1241.5209999999956 2.1472592369758906e-17 2.3766250563552628e-17
1241.5709999999956 8.465098953707412e-19 2.206819324042184e-17
1241.6209999999955 1.0349001019547758e-17 2.287823923028016e-17
1241.6709999999955 2.3911001443069733e-17 2.3892692006200854e-17
1241.7209999999955 1.056596171602791e-17 2.2937362806487823e-17
1241.7709999999954 3.138124071836116e-17 2.4484535532342705e-17
1241.8209999999954 4.221106781248045e-17 2.5287331244136782e-17
1241.8709999999953 5.569613207563171e-17 2.6202783743173845e-17
1241.9209999999953 1.0661482154970438e-16 2.955649157388946e-17
1241.9709999999952 1.2708991864909266e-16 3.0619264281980476e-17
1242.0209999999952 1.0176384806954314e-16 2.919642932217295e-17
1242.0709999999951 9.992115887652817e-17 2.909470428274279e-17
1242.120999999995 4.661145994849601e-17 2.547893565032135e-17
1242.170999999995 6.081113449474308e-17 2.6476934009323137e-17
1242.220999999995 2.9285500128742994e-17 2.424425967289684e-17
1242.270999999995 3.669556648789409e-17 2.4778065774951188e-17
1242.320999999995 4.8514837723946767e-17 2.5657928412487378e-17
1242.3709999999949 2.9843869566799556e-17 2.429409679965131e-17
1242.4209999999948 4.876776732276612e-17 2.5685540456856834e-17
1242.4709999999948 1.119674927572789e-16 2.988668115342514e-17
1242.5209999999947 1.529470443610784e-16 3.251123714114339e-17
1242.5709999999947 2.2040747962810984e-16 3.5878915675924295e-17
1242.6209999999946 4.763822856887211e-16 4.6288530534356926e-17
1242.6709999999946 9.397962632618261e-16 5.935389870097127e-17
1242.7209999999945 1.9510100107048146e-15 8.021721035895288e-17
1242.7709999999945 3.298910583679503e-15 1.0128125012106895e-16
1242.8209999999945 3.353889801044828e-15 1.0218754849762064e-16
1242.8709999999944 2.3142770060061526e-15 8.615089111271127e-17
1242.9209999999944 1.2207346932050225e-15 6.515408338692117e-17
1242.9709999999943 5.884972801450483e-16 4.876626694571093e-17
1243.0209999999943 3.2367689991812786e-16 3.968898557908077e-17
1243.0709999999942 2.259361999934664e-16 3.5449728954209287e-17
1243.1209999999942 1.3650068157536235e-16 3.110464330334581e-17
1243.1709999999941 1.2210262686265225e-16 3.030035783561207e-17
1243.220999999994 7.99531132278434e-17 2.7676232273172754e-17
1243.270999999994 4.821621674758737e-17 2.5574516254802165e-17
1243.320999999994 3.036882605371613e-17 2.422721654017941e-17
1243.370999999994 3.542528607892424e-17 2.4624318689215354e-17
1243.420999999994 1.9929241226438622e-17 2.3452596878411366e-17
1243.4709999999939 3.0237509763043605e-17 2.4232850573655074e-17
1243.5209999999938 1.498273815528617e-17 2.3098105723041335e-17
1243.5709999999938 1.5179257123248828e-17 2.311414112299687e-17
1243.6209999999937 1.7712503905441927e-17 2.3318136221887095e-17
1243.6709999999937 9.2104186598118e-18 2.2658759517709726e-17
1243.7209999999936 9.949344250098082e-18 2.267880748135864e-17
1243.7709999999936 6.170516720927984e-18 2.2427473726649215e-17
1243.8209999999935 6.871374784439862e-18 2.247405397404675e-17
1243.8709999999935 1.3012686244995378e-17 2.3005501877995905e-17
1243.9209999999935 1.0725653998146356e-17 2.2756808848731163e-17
1243.9709999999934 1.617162032776305e-17 2.3181455794061623e-17
1244.0209999999934 1.442321247763515e-17 2.3001670996141925e-17
1244.0709999999933 1.7512773111174495e-17 2.3206874637892877e-17
1244.1209999999933 1.0000680890390011e-17 2.265931955353753e-17
1244.1709999999932 1.4771019104168766e-17 2.3083962478972526e-17
1244.2209999999932 7.893436243269307e-18 2.2581396946528412e-17
1244.2709999999931 9.466902142897154e-18 2.2547518057379923e-17
1244.320999999993 1.4454011914635242e-17 2.301340845767484e-17
1244.370999999993 3.732420699626515e-18 2.2224072024166375e-17
1244.420999999993 1.6998786416037655e-17 2.3283974798483018e-17
1244.470999999993 7.56432160969744e-18 2.2425976111550525e-17
1244.520999999993 2.9002255721605845e-18 2.2032790723299613e-17
1244.5709999999929 2.069943614549543e-17 2.3507234823557402e-17
1244.6209999999928 1.2192448585218274e-17 2.282931496855555e-17
1244.6709999999928 7.402402708728857e-18 2.239858493343001e-17
1244.7209999999927 1.2380695175908303e-17 2.2742091496046934e-17
1244.7709999999927 1.3427165271050269e-17 2.5118719633263713e-17
1244.804 1.8907514676797215e-17 2.316366066118337e-18
1254.804 2.7053258641603648e-17 1.6714272305721624e-18
1264.804 3.6232192849015926e-17 1.7028120542931167e-18
1274.804 2.2613474738655382e-17 1.747030968227505e-18
1284.804 1.632135601618915e-17 2.0124193864942825e-18
1294.804 3.471039593519044e-17 2.2874234409238796e-18
1300.17 6.466022134663705e-17 3.8495829380105625e-18
1300.22 nan nan
1300.27 nan nan
1300.32 nan nan
1300.37 nan nan
1300.4199999999998 nan nan
1300.4699999999998 nan nan
1300.5199999999998 nan nan
1300.5699999999997 nan nan
1300.6199999999997 nan nan
1300.6699999999996 nan nan
1300.7199999999996 nan nan
1300.7699999999995 nan nan
1300.8199999999995 nan nan
1300.8699999999994 nan nan
1300.9199999999994 nan nan
1300.9699999999993 nan nan
1301.0199999999993 nan nan
1301.0699999999993 nan nan
1301.1199999999992 nan nan
1301.1699999999992 nan nan
1301.2199999999991 nan nan
1301.269999999999 nan nan
1301.319999999999 nan nan
1301.369999999999 nan nan
1301.419999999999 nan nan
1301.469999999999 nan nan
1301.5199999999988 nan nan
1301.5699999999988 nan nan
1301.6199999999988 nan nan
1301.6699999999987 nan nan
1301.7199999999987 nan nan
1301.7699999999986 nan nan
1301.8199999999986 nan nan
1301.8699999999985 nan nan
1301.9199999999985 nan nan
1301.9699999999984 nan nan
1302.0199999999984 nan nan
1302.0699999999983 nan nan
1302.1199999999983 nan nan
1302.1699999999983 nan nan
1302.2199999999982 nan nan
1302.2699999999982 nan nan
1302.3199999999981 nan nan
1302.369999999998 nan nan
1302.419999999998 nan nan
1302.469999999998 nan nan
1302.519999999998 nan nan
1302.569999999998 nan nan
1302.6199999999978 nan nan
1302.6699999999978 nan nan
1302.7199999999978 nan nan
1302.7699999999977 nan nan
1302.8199999999977 nan nan
1302.8699999999976 nan nan
1302.9199999999976 nan nan
1302.9699999999975 nan nan
1303.0199999999975 nan nan
1303.0699999999974 nan nan
1303.1199999999974 nan nan
1303.1699999999973 nan nan
1303.2199999999973 nan nan
1303.2699999999973 nan nan
1303.3199999999972 nan nan
1303.3699999999972 nan nan
1303.4199999999971 nan nan
1303.469999999997 nan nan
1303.519999999997 nan nan
1303.569999999997 nan nan
1303.619999999997 nan nan
1303.669999999997 nan nan
1303.7199999999968 nan nan
1303.7699999999968 nan nan
1303.8199999999968 nan nan
1303.8699999999967 nan nan
1303.9199999999967 nan nan
1303.9699999999966 nan nan
1304.0199999999966 nan nan
1304.0699999999965 nan nan
1304.1199999999965 nan nan
1304.1699999999964 nan nan
1304.2199999999964 nan nan
1304.2699999999963 nan nan
1304.3199999999963 nan nan
1304.3699999999963 nan nan
1304.4199999999962 nan nan
1304.4699999999962 nan nan
1304.5199999999961 nan nan
1304.569999999996 nan nan
1304.619999999996 nan nan
1304.669999999996 nan nan
1304.719999999996 nan nan
1304.769999999996 nan nan
1304.8199999999958 nan nan
1304.8699999999958 nan nan
1304.9199999999958 nan nan
1304.9699999999957 nan nan
1305.0199999999957 nan nan
1305.0699999999956 nan nan
1305.1199999999956 nan nan
1305.1699999999955 nan nan
1305.2199999999955 nan nan
1305.2699999999954 nan nan
1305.3199999999954 nan nan
1305.3699999999953 nan nan
1305.4199999999953 nan nan
1305.4699999999953 nan nan
1305.5199999999952 nan nan
1305.5699999999952 nan nan
1305.6199999999951 nan nan
1305.669999999995 nan nan
1305.719999999995 nan nan
1305.769999999995 nan nan
1305.819999999995 nan nan
1305.869999999995 nan nan
1305.9199999999948 nan nan
1305.9699999999948 nan nan
1306.0199999999948 nan nan
1306.0699999999947 nan nan
1306.1199999999947 nan nan
1306.1699999999946 nan nan
1306.2199999999946 nan nan
1306.2699999999945 nan nan
1306.3199999999945 nan nan
1306.3699999999944 nan nan
1306.4199999999944 nan nan
1306.4699999999943 nan nan
1306.5199999999943 nan nan
1306.5699999999943 nan nan
1306.6199999999942 nan nan
1306.6699999999942 nan nan
1306.7199999999941 nan nan
1306.769999999994 nan nan
1306.819999999994 nan nan
1306.869999999994 nan nan
1306.919999999994 nan nan
1306.969999999994 nan nan
1307.0199999999938 nan nan
1307.0699999999938 nan nan
1307.1199999999938 nan nan
1307.1699999999937 nan nan
1307.2199999999937 nan nan
1307.2699999999936 nan nan
1307.3199999999936 nan nan
1307.3699999999935 nan nan
1307.4199999999935 nan nan
1307.4699999999934 nan nan
1307.5199999999934 nan nan
1307.5699999999933 nan nan
1307.6199999999933 nan nan
1307.6699999999933 nan nan
1307.7199999999932 nan nan
1307.7699999999932 nan nan
1307.8199999999931 nan nan
1307.869999999993 nan nan
1307.919999999993 nan nan
1307.969999999993 nan nan
1308.019999999993 nan nan
1308.03 1.754624931852751e-17 4.7128494954329805e-18
1318.03 9.000047462789766e-18 2.791178278431323e-18
1328.03 2.337812098600602e-17 2.4145731902837058e-18
1332.532 9.656945851218546e-18 4.152119846049928e-18
1332.5819999999999 1.1995791873949247e-17 2.8206382530674596e-17
1332.6319999999998 1e-20 2.7108045149654348e-17
1332.6819999999998 1.2090537948599422e-17 2.8220909361360843e-17
1332.7319999999997 8.986676576724803e-18 2.7947123454386224e-17
1332.7819999999997 9.919548572840436e-19 2.7271973502203252e-17
1332.8319999999997 2.2587659004303774e-18 2.738378034309406e-17
1332.8819999999996 3.308825902807579e-18 2.748410272860693e-17
1332.9319999999996 4.11045225014709e-18 2.752395295934526e-17
