reference_uv_spectra/lya_masked/M4-3127-gj876-muscles.spec
# %ECSV 0.9
# ---
# datatype:
# - {name: w, datatype: float64}
# - {name: f, datatype: float64}
# - {name: e, datatype: float64}
# meta: !!omap
# - {distance: 10}
# - {w0: 1170.0}
# - {filename: M4-3127-gj876-muscles.spec}
# schema: astropy-2.0
w f e
[from data line 5602]
41755.53 1.1397911396658252e-14 0.0
41765.53 1.187791629107351e-14 0.0
41775.53 1.1305493590629744e-14 0.0
41785.53 1.1315043550116654e-14 0.0
41795.53 1.138121939672526e-14 0.0
41805.53 1.1661318727888475e-14 0.0
41815.53 1.1641307373339268e-14 0.0
41825.53 1.1398450971617623e-14 0.0
41835.53 1.138678509529074e-14 0.0
41845.53 1.0986286731334595e-14 0.0
41855.53 1.0596480471964421e-14 0.0
41865.53 1.1439379436703902e-14 0.0
41875.53 1.0909344338186228e-14 0.0
41885.53 1.14580733251405e-14 0.0
41895.53 1.165539727929018e-14 0.0
41905.53 1.1105988094769888e-14 0.0
41915.53 1.1450652596792703e-14 0.0
41925.53 1.1394403883433534e-14 0.0
41935.53 1.1083949068993687e-14 0.0
41945.53 1.1395989654097785e-14 0.0
41955.53 1.1617121584413591e-14 0.0
41965.53 1.1377097731591506e-14 0.0
41975.53 1.1298002311303039e-14 0.0
41985.53 1.1256754484355397e-14 0.0
41995.53 1.0928337494612749e-14 0.0
42005.53 1.1424846011563226e-14 0.0
42015.53 1.1134720902801958e-14 0.0
42025.53 1.1197606155037065e-14 0.0
42035.53 1.0912364796382053e-14 0.0
42045.53 1.1051009249317494e-14 0.0
42055.53 1.0842096132149967e-14 0.0
42065.53 1.1141990418067005e-14 0.0
42075.53 1.1497857039922382e-14 0.0
42085.53 1.1028459419660709e-14 0.0
42095.53 1.0895360701534818e-14 0.0
42105.53 1.079621475233323e-14 0.0
42115.53 1.140054912855897e-14 0.0
42125.53 1.0712901379034522e-14 0.0
42135.53 1.0725894912835469e-14 0.0
42145.53 1.0604731083654706e-14 0.0
42155.53 1.0968148544405152e-14 0.0
42165.53 1.1116445662136617e-14 0.0
42175.53 1.102082379657265e-14 0.0
42185.53 1.0878826299526287e-14 0.0
42195.53 1.0686703331407334e-14 0.0
42205.53 1.0871648783619838e-14 0.0
42215.53 1.0762208381278052e-14 0.0
42225.53 1.069735364509168e-14 0.0
42235.53 1.1167133457372503e-14 0.0
42245.53 1.0948140152237871e-14 0.0
42255.53 1.1349926575787695e-14 0.0
42265.53 1.1148216244149867e-14 0.0
42275.53 1.0950754371529679e-14 0.0
42285.53 1.068768343289973e-14 0.0
42295.53 1.0928192137141554e-14 0.0
42305.53 1.0740908453704159e-14 0.0
42315.53 1.1537488151792649e-14 0.0
42325.53 1.0942154394565571e-14 0.0
42335.53 1.0874935975964913e-14 0.0
42345.53 1.1051628998509582e-14 0.0
42355.53 1.1090366833238705e-14 0.0
42365.53 1.1207934505625176e-14 0.0
42375.53 1.1033706782813248e-14 0.0
42385.53 1.0728817445254477e-14 0.0
42395.53 1.0855247178923927e-14 0.0
42405.53 1.0851143180879133e-14 0.0
42415.53 1.0753581156984567e-14 0.0
42425.53 1.0781844970401085e-14 0.0
42435.53 1.0226955188980222e-14 0.0
42445.53 1.0849415775304599e-14 0.0
42455.53 1.1027715329423405e-14 0.0
42465.53 1.0423721924408065e-14 0.0
42475.53 1.0958845629770087e-14 0.0
42485.53 1.0489186998704541e-14 0.0
42495.53 1.0763626426680164e-14 0.0
42505.53 1.004154548603298e-14 0.0
42515.53 1.036092885450391e-14 0.0
42525.53 1.0440211456169704e-14 0.0
42535.53 1.018957310261333e-14 0.0
42545.53 1.0866640039161117e-14 0.0
42555.53 1.0644086880369484e-14 0.0
42565.53 1.0580324124004025e-14 0.0
42575.53 1.0434797243408422e-14 0.0
42585.53 1.0638228260770923e-14 0.0
42595.53 9.96293369566664e-15 0.0
42605.53 1.0840457861159418e-14 0.0
42615.53 1.0539901714698898e-14 0.0
42625.53 1.0662677866793419e-14 0.0
42635.53 1.0356210769566475e-14 0.0
42645.53 1.0555055085569775e-14 0.0
42655.53 1.0548218390244139e-14 0.0
42665.53 1.0305133858313405e-14 0.0
42675.53 1.0811919364387965e-14 0.0
42685.53 1.0175146318672559e-14 0.0
42695.53 1.0170210924454656e-14 0.0
42705.53 1.0714588387093172e-14 0.0
42715.53 1.0394276247078295e-14 0.0
42725.53 1.0315237001865997e-14 0.0
42735.53 1.0179759472771442e-14 0.0
42745.53 1.0928192715837111e-14 0.0
42755.53 9.657783503310259e-15 0.0
42765.53 1.0667874301510979e-14 0.0
42775.53 1.0447652507766126e-14 0.0
42785.53 1.0947277355296093e-14 0.0
42795.53 1.0339773479058166e-14 0.0
42805.53 1.0657723131107561e-14 0.0
42815.53 1.0414706763491514e-14 0.0
42825.53 1.0226045693639681e-14 0.0
42835.53 1.0358395544725666e-14 0.0
42845.53 1.0430466897149734e-14 0.0
42855.53 1.080707169490741e-14 0.0
42865.53 1.036298631506902e-14 0.0
42875.53 1.03108571371844e-14 0.0
42885.53 1.0653175033853956e-14 0.0
42895.53 1.0282203944210954e-14 0.0
42905.53 1.0393876540088703e-14 0.0
42915.53 1.0685590752142191e-14 0.0
42925.53 1.0095611866814586e-14 0.0
42935.53 9.988610295583991e-15 0.0
42945.53 9.907026499126207e-15 0.0
42955.53 9.347057260884777e-15 0.0
42965.53 9.350626959810866e-15 0.0
42975.53 9.809889741440418e-15 0.0
42985.53 1.0017821634879613e-14 0.0
42995.53 9.938845782804226e-15 0.0
43005.53 1.0005011656675212e-14 0.0
43015.53 9.950295542148777e-15 0.0
43025.53 9.832216006925097e-15 0.0
43035.53 9.542234497958939e-15 0.0
43045.53 9.708747918000022e-15 0.0
43055.53 9.547961653081002e-15 0.0
43065.53 9.929376431075393e-15 0.0
43075.53 9.95412399392382e-15 0.0
43085.53 9.651161789247975e-15 0.0
43095.53 9.910082926774661e-15 0.0
43105.53 9.763719092841157e-15 0.0
43115.53 1.0146341063184591e-14 0.0
43125.53 9.845850759556366e-15 0.0
43135.53 9.890775230453442e-15 0.0
43145.53 1.0194315806927336e-14 0.0
43155.53 9.72744651375605e-15 0.0
43165.53 9.888222843243295e-15 0.0
43175.53 9.336468158896632e-15 0.0
43185.53 1.0139035194241519e-14 0.0
43195.53 9.3515177491236e-15 0.0
43205.53 1.0013722469141238e-14 0.0
43215.53 9.719317317125001e-15 0.0
43225.53 1.0337215824444598e-14 0.0
43235.53 9.988455501801806e-15 0.0
43245.53 9.264931478897881e-15 0.0
43255.53 1.032125614322433e-14 0.0
43265.53 9.341172284251332e-15 0.0
43275.53 1.01345303138662e-14 0.0
43285.53 9.354661567328435e-15 0.0
43295.53 1.0255142974075972e-14 0.0
43305.53 9.880928369788497e-15 0.0
43315.53 9.307354935877523e-15 0.0
43325.53 1.020872288130478e-14 0.0
43335.53 9.010283095924199e-15 0.0
43345.53 1.008449226966322e-14 0.0
43355.53 1.028378142594644e-14 0.0
43365.53 8.837402921633088e-15 0.0
43375.53 1.004784505692181e-14 0.0
43385.53 9.48640383249965e-15 0.0
43395.53 9.183305365865193e-15 0.0
43405.53 9.922182379414908e-15 0.0
43415.53 9.440191024986111e-15 0.0
43425.53 9.737414631819607e-15 0.0
43435.53 9.828529081037932e-15 0.0
43445.53 8.955725162070965e-15 0.0
43455.53 9.638824561224543e-15 0.0
43465.53 9.624229201183657e-15 0.0
43475.53 9.11574711830784e-15 0.0
43485.53 9.8664109204833e-15 0.0
43495.53 9.980650258380825e-15 0.0
43505.53 8.62014788957188e-15 0.0
43515.53 9.087295668730095e-15 0.0
43525.53 9.102636527448716e-15 0.0
43535.53 8.87125797835861e-15 0.0
43545.53 9.168984196427751e-15 0.0
43555.53 9.538721612527016e-15 0.0
43565.53 9.57868515786299e-15 0.0
43575.53 8.974435907207678e-15 0.0
43585.53 9.84736405075283e-15 0.0
43595.53 9.30931493173629e-15 0.0
43605.53 8.81248449131153e-15 0.0
43615.53 9.59350739187377e-15 0.0
43625.53 9.598423237414974e-15 0.0
43635.53 8.785002015496272e-15 0.0
43645.53 9.522989469668107e-15 0.0
43655.53 9.595868193135264e-15 0.0
43665.53 9.356123324014683e-15 0.0
43675.53 8.607272734746448e-15 0.0
43685.53 9.136561660434189e-15 0.0
43695.53 9.865111770465558e-15 0.0
43705.53 8.687351656405065e-15 0.0
43715.53 9.52922870467957e-15 0.0
43725.53 9.163980840554412e-15 0.0
43735.53 9.628179918276888e-15 0.0
43745.53 8.231643402216552e-15 0.0
43755.53 9.354518033790492e-15 0.0
43765.53 9.024552026920724e-15 0.0
43775.53 9.541321560140842e-15 0.0
43785.53 8.268561442824061e-15 0.0
43795.53 9.324002399413719e-15 0.0
43805.53 9.321484999296506e-15 0.0
43815.53 9.26151846932107e-15 0.0
43825.53 8.564268640238339e-15 0.0
43835.53 8.877650542380829e-15 0.0
43845.53 9.581237577581335e-15 0.0
43855.53 8.904027973719142e-15 0.0
43865.53 8.7193665117188e-15 0.0
43875.53 9.474312178683654e-15 0.0
43885.53 9.217716429327515e-15 0.0
43895.53 9.612000379646275e-15 0.0
43905.53 8.172191377506789e-15 0.0
43915.53 9.755317411418523e-15 0.0
43925.53 9.558574717664311e-15 0.0
43935.53 8.743647824123359e-15 0.0
43945.53 8.54566271799311e-15 0.0
43955.53 9.633523187644779e-15 0.0
43965.53 8.572573234479863e-15 0.0
43975.53 9.457338518871722e-15 0.0
43985.53 8.275625864529211e-15 0.0
43995.53 8.563774164489454e-15 0.0
44005.53 9.60500610889549e-15 0.0
44015.53 9.043753761405475e-15 0.0
44025.53 7.80309108966428e-15 0.0
44035.53 9.383992264236954e-15 0.0
44045.53 9.160856370848566e-15 0.0
44055.53 8.673560188616484e-15 0.0
44065.53 8.883527738470712e-15 0.0
44075.53 8.241799337428453e-15 0.0
44085.53 8.501350547526706e-15 0.0
44095.53 8.986350373063483e-15 0.0
44105.53 9.1218887981194e-15 0.0
44115.53 7.712186553987283e-15 0.0
44125.53 8.983375515597749e-15 0.0
44135.53 9.373700467173702e-15 0.0
44145.53 8.497020168428947e-15 0.0
44155.53 8.4214377292772e-15 0.0
44165.53 8.691266560382804e-15 0.0
44175.53 9.068491118913096e-15 0.0
44185.53 8.499976402254062e-15 0.0
44195.53 9.102622682182341e-15 0.0
44205.53 7.975268379058555e-15 0.0
44215.53 8.449478238256324e-15 0.0
44225.53 8.664188984266153e-15 0.0
44235.53 9.190530398500185e-15 0.0
44245.53 8.675019106584306e-15 0.0
44255.53 7.511136550623572e-15 0.0
44265.53 8.892782923874534e-15 0.0
44275.53 9.178313379672092e-15 0.0
44285.53 8.952631735130021e-15 0.0
44295.53 8.078223758768848e-15 0.0
44305.53 8.013873978213413e-15 0.0
44315.53 9.274774067671271e-15 0.0
44325.53 8.23739357190208e-15 0.0
44335.53 8.901803373701205e-15 0.0
44345.53 8.145679926200193e-15 0.0
44355.53 8.283479440030663e-15 0.0
44365.53 7.993458639323665e-15 0.0
44375.53 8.91339396186853e-15 0.0
44385.53 8.527079710966954e-15 0.0
44395.53 8.401650493772852e-15 0.0
44405.53 7.456226242875193e-15 0.0
44415.53 8.500468655699515e-15 0.0
44425.53 9.269346684457558e-15 0.0
44435.53 8.692027241629809e-15 0.0
44445.53 8.140442089521332e-15 0.0
44455.53 8.29445013664812e-15 0.0
44465.53 8.601397657479702e-15 0.0
44475.53 9.324550672094512e-15 0.0
44485.53 8.468810533522753e-15 0.0
44495.53 8.21751096917327e-15 0.0
44505.53 7.929875179153624e-15 0.0
44515.53 8.93991173184239e-15 0.0
44525.53 8.335301216341117e-15 0.0
44535.53 8.428730852607802e-15 0.0
44545.53 8.58489480984728e-15 0.0
44555.53 7.541388698693053e-15 0.0
44565.53 8.978070213240947e-15 0.0
44575.53 7.73509140178748e-15 0.0
44585.53 9.000640150748524e-15 0.0
44595.53 8.395826802702837e-15 0.0
44605.53 8.24957506522538e-15 0.0
44615.53 7.80624240493788e-15 0.0
44625.53 8.90028072767104e-15 0.0
44635.53 8.966590373887011e-15 0.0
44645.53 8.392876148624544e-15 0.0
44655.53 8.42245175584534e-15 0.0
44665.53 7.324186346539052e-15 0.0
44675.53 7.788873338234768e-15 0.0
44685.53 8.704971505492903e-15 0.0
44695.53 8.831904734571356e-15 0.0
44705.53 7.772898756513819e-15 0.0
44715.53 7.471252772795607e-15 0.0
44725.53 8.325308222557717e-15 0.0
44735.53 8.775116941320415e-15 0.0
44745.53 8.268284777792532e-15 0.0
44755.53 7.855359364503627e-15 0.0
44765.53 8.916553396167996e-15 0.0
44775.53 7.097813261143922e-15 0.0
44785.53 8.428865392624536e-15 0.0
44795.53 8.746881373971145e-15 0.0
44805.53 7.795972674737264e-15 0.0
44815.53 7.94642856297198e-15 0.0
44825.53 8.709064029301831e-15 0.0
44835.53 7.78941560616334e-15 0.0
44845.53 8.634180648261248e-15 0.0
44855.53 7.745437697562672e-15 0.0
44865.53 9.048554181171387e-15 0.0
44875.53 8.580390297732769e-15 0.0
44885.53 7.923258521315553e-15 0.0
44895.53 7.647519677631776e-15 0.0
44905.53 7.79766582262673e-15 0.0
44915.53 8.357385910510782e-15 0.0
44925.53 8.046713659818241e-15 0.0
44935.53 8.152906744966281e-15 0.0
44945.53 7.835398780067031e-15 0.0
44955.53 7.421226672170775e-15 0.0
44965.53 7.863642710046856e-15 0.0
44975.53 8.584643279360409e-15 0.0
44985.53 8.282015454671692e-15 0.0
44995.53 8.380856030132384e-15 0.0
45005.53 6.8208496237002835e-15 0.0
45015.53 8.131858723915567e-15 0.0
45025.53 9.051113427859483e-15 0.0
45035.53 8.070014992408673e-15 0.0
45045.53 8.062901224251466e-15 0.0
45055.53 7.324792558920415e-15 0.0
45065.53 7.445889692776542e-15 0.0
45075.53 7.834323669932965e-15 0.0
45085.53 8.915188048126604e-15 0.0
45095.53 7.901457512376558e-15 0.0
45105.53 7.754974282118105e-15 0.0
45115.53 8.03776117280506e-15 0.0
45125.53 8.262225409317521e-15 0.0
45135.53 7.090083035808029e-15 0.0
45145.53 8.575563713334182e-15 0.0
45155.53 8.519106910118783e-15 0.0
45165.53 7.633725436554755e-15 0.0
45175.53 8.2170898147966e-15 0.0
45185.53 8.165492891901955e-15 0.0
45195.53 7.160501152799804e-15 0.0
45205.53 8.476948887456775e-15 0.0
45215.53 7.0440603593978785e-15 0.0
45225.53 7.751621424288257e-15 0.0
45235.53 8.593073365089944e-15 0.0
45245.53 7.781598772039463e-15 0.0
45255.53 7.502650010727128e-15 0.0
45265.53 8.029534862026811e-15 0.0
45275.53 6.7765096998354036e-15 0.0
45285.53 8.32907231810946e-15 0.0
45295.53 8.253131388640964e-15 0.0
45305.53 8.174180593355257e-15 0.0
45315.53 7.531323855091747e-15 0.0
45325.53 6.955488504646582e-15 0.0
45335.53 7.455928576555092e-15 0.0
45345.53 8.035335365569895e-15 0.0
45355.53 8.238603202117825e-15 0.0
45365.53 7.59773758875292e-15 0.0
45375.53 8.495570336543847e-15 0.0
45385.53 7.118564515681605e-15 0.0
45395.53 7.953745419106973e-15 0.0
45405.53 8.448238516119793e-15 0.0
45415.53 7.453948844249628e-15 0.0
45425.53 7.922518062401138e-15 0.0
45435.53 7.938606714561947e-15 0.0
45445.53 7.572425790044085e-15 0.0
45455.53 7.029522328350116e-15 0.0
45465.53 7.514188084506085e-15 0.0
45475.53 8.040197651745462e-15 0.0
45485.53 8.024441468867285e-15 0.0
45495.53 7.925084681998187e-15 0.0
45505.53 7.350677136941898e-15 0.0
45515.53 7.573300536436992e-15 0.0
45525.53 6.9515878063378105e-15 0.0
45535.53 8.179951345279659e-15 0.0
45545.53 7.811580075947385e-15 0.0
45555.53 8.616837714509793e-15 0.0
45565.53 7.125822912315733e-15 0.0
45575.53 7.802177695738794e-15 0.0
45585.53 7.515868041346322e-15 0.0
45595.53 6.9402920856422655e-15 0.0
45605.53 8.571779491320083e-15 0.0
45615.53 8.211805503388612e-15 0.0
45625.53 7.060237364456993e-15 0.0
45635.53 7.549827831627819e-15 0.0
45645.53 8.132146837374929e-15 0.0
45655.53 7.294663353051017e-15 0.0
45665.53 6.9992728184077625e-15 0.0
45675.53 7.133073527909991e-15 0.0
45685.53 8.043308652055803e-15 0.0
45695.53 6.9580425808768206e-15 0.0
45705.53 7.540453855477974e-15 0.0
45715.53 7.840959466497024e-15 0.0
45725.53 7.619996595768402e-15 0.0
45735.53 7.019213064210176e-15 0.0
45745.53 8.194451050071792e-15 0.0
45755.53 7.022278119021547e-15 0.0
45765.53 7.604070037341403e-15 0.0
45775.53 8.31850852966786e-15 0.0
45785.53 7.345581041135157e-15 0.0
45795.53 7.645872689646496e-15 0.0
45805.53 6.872384140367204e-15 0.0
45815.53 8.023892262051425e-15 0.0
45825.53 7.247665036216233e-15 0.0
45835.53 8.086649716618973e-15 0.0
45845.53 6.778384422720156e-15 0.0
45855.53 7.704393226599337e-15 0.0
45865.53 8.044365647182606e-15 0.0
45875.53 6.960183804976762e-15 0.0
45885.53 7.253102139877478e-15 0.0
45895.53 7.099486933644891e-15 0.0
45905.53 7.459311654022413e-15 0.0
45915.53 7.940694283426018e-15 0.0
45925.53 8.134244912838987e-15 0.0
45935.53 7.143682547662823e-15 0.0
45945.53 6.80560137802556e-15 0.0
45955.53 6.397548595881118e-15 0.0
45965.53 7.429167713419327e-15 0.0
45975.53 7.733280153434211e-15 0.0
45985.53 7.964821177505672e-15 0.0
45995.53 7.216366753322364e-15 0.0
46005.53 7.82650973871673e-15 0.0
46015.53 7.124140782637463e-15 0.0
46025.53 6.439263975420348e-15 0.0
46035.53 7.789418911163478e-15 0.0
46045.53 7.0686201571276226e-15 0.0
46055.53 7.68643004594122e-15 0.0
46065.53 8.000643830969889e-15 0.0
46075.53 7.543819518725449e-15 0.0
46085.53 6.792175047694412e-15 0.0
46095.53 6.522978953757283e-15 0.0
46105.53 7.84277330475279e-15 0.0
46115.53 7.85059180440483e-15 0.0
46125.53 7.654566858080546e-15 0.0
46135.53 7.566176485349435e-15 0.0
46145.53 6.658147054685171e-15 0.0
46155.53 7.0101203779413826e-15 0.0
46165.53 7.154772658224175e-15 0.0
46175.53 6.93895501874058e-15 0.0
46185.53 7.747143042892013e-15 0.0
46195.53 7.978624405982766e-15 0.0
46205.53 6.452101610160375e-15 0.0
46215.53 7.456191103994618e-15 0.0
46225.53 7.506311657561184e-15 0.0
46235.53 7.072574570973729e-15 0.0
46245.53 7.46323201242911e-15 0.0
46255.53 6.3810239665979346e-15 0.0
46265.53 6.7889812342797636e-15 0.0
46275.53 7.869684097931457e-15 0.0
46285.53 8.209649334781979e-15 0.0
