reference_uv_spectra/lya_masked/M4-3127-gj876-muscles.spec
# %ECSV 0.9
# ---
# datatype:
# - {name: w, datatype: float64}
# - {name: f, datatype: float64}
# - {name: e, datatype: float64}
# meta: !!omap
# - {distance: 10}
# - {w0: 1170.0}
# - {filename: M4-3127-gj876-muscles.spec}
# schema: astropy-2.0
w f e
[from data line 4705]
32785.53 2.155293879615862e-14 0.0
32795.53 2.2151762077872275e-14 0.0
32805.53 2.1578453758449553e-14 0.0
32815.53 2.095301880567385e-14 0.0
32825.53 2.182097037025743e-14 0.0
32835.53 2.2007827294590477e-14 0.0
32845.53 2.1217864062061927e-14 0.0
32855.53 2.2076695666205323e-14 0.0
32865.53 2.1860720830600246e-14 0.0
32875.53 2.061109393411162e-14 0.0
32885.53 2.161858380899762e-14 0.0
32895.53 2.3132622068171756e-14 0.0
32905.53 2.1551713427384156e-14 0.0
32915.53 2.2071546007558783e-14 0.0
32925.53 2.12254558011919e-14 0.0
32935.53 2.1078763706629362e-14 0.0
32945.53 2.1105403439876406e-14 0.0
32955.53 2.143717598703555e-14 0.0
32965.53 2.1767490689204204e-14 0.0
32975.53 2.134691085291443e-14 0.0
32985.53 2.2177982790992708e-14 0.0
32995.53 2.208256830845914e-14 0.0
33005.53 2.069108209705848e-14 0.0
33015.53 2.2143233799062507e-14 0.0
33025.53 2.258834622090782e-14 0.0
33035.53 2.2187031754107325e-14 0.0
33045.53 2.1777750419494316e-14 0.0
33055.53 2.1647557882329237e-14 0.0
33065.53 2.19417169763201e-14 0.0
33075.53 2.1887821726096418e-14 0.0
33085.53 2.179347514767165e-14 0.0
33095.53 2.119683157484273e-14 0.0
33105.53 2.194767543165551e-14 0.0
33115.53 2.1602746508239083e-14 0.0
33125.53 2.1009118852508505e-14 0.0
33135.53 2.2627424708589604e-14 0.0
33145.53 2.10002123499545e-14 0.0
33155.53 2.1152769462109477e-14 0.0
33165.53 2.1642333137396572e-14 0.0
33175.53 2.1088694615834218e-14 0.0
33185.53 2.2597135699366795e-14 0.0
33195.53 2.068814941947605e-14 0.0
33205.53 2.0782089384780292e-14 0.0
33215.53 2.1380898272848183e-14 0.0
33225.53 2.1215229209742357e-14 0.0
33235.53 2.2363756494437632e-14 0.0
33245.53 2.1989023549206624e-14 0.0
33255.53 2.1384823115194186e-14 0.0
33265.53 2.125545789818703e-14 0.0
33275.53 2.2049538992307444e-14 0.0
33285.53 2.2475356122397442e-14 0.0
33295.53 2.2634954878143682e-14 0.0
33305.53 2.1433379021642368e-14 0.0
33315.53 2.1939221514066706e-14 0.0
33325.53 2.2012498912077975e-14 0.0
33335.53 2.157859479890649e-14 0.0
33345.53 2.2521701750508733e-14 0.0
33355.53 2.0865086023756854e-14 0.0
33365.53 2.0730085684859283e-14 0.0
33375.53 2.0377367444019718e-14 0.0
33385.53 2.0387092191898583e-14 0.0
33395.53 1.9961861964278933e-14 0.0
33405.53 2.0581390208277184e-14 0.0
33415.53 2.1247768252512194e-14 0.0
33425.53 2.1649734759319786e-14 0.0
33435.53 2.0716344927667666e-14 0.0
33445.53 2.0437335601266216e-14 0.0
33455.53 2.1140465349434688e-14 0.0
33465.53 2.1797202293272226e-14 0.0
33475.53 2.1656156667698314e-14 0.0
33485.53 2.1125428476861485e-14 0.0
33495.53 2.094631119291678e-14 0.0
33505.53 2.152357770470529e-14 0.0
33515.53 2.1429897648358984e-14 0.0
33525.53 2.1969675377904058e-14 0.0
33535.53 2.1054956431416086e-14 0.0
33545.53 2.0565872229385825e-14 0.0
33555.53 2.0537706180776775e-14 0.0
33565.53 2.099532319707671e-14 0.0
33575.53 2.0707326833237792e-14 0.0
33585.53 2.1136700174412245e-14 0.0
33595.53 2.1748667683250658e-14 0.0
33605.53 2.124764867582051e-14 0.0
33615.53 2.0642287445854152e-14 0.0
33625.53 2.163751731015098e-14 0.0
33635.53 2.0638903707221368e-14 0.0
33645.53 2.07615458942724e-14 0.0
33655.53 2.1623285863174785e-14 0.0
33665.53 2.120150693544658e-14 0.0
33675.53 2.0885698063714728e-14 0.0
33685.53 2.144941416692215e-14 0.0
33695.53 2.07463642334937e-14 0.0
33705.53 2.1702046319982922e-14 0.0
33715.53 2.0956996594279223e-14 0.0
33725.53 2.0426809157299573e-14 0.0
33735.53 2.1342647711523636e-14 0.0
33745.53 2.1154627264104904e-14 0.0
33755.53 2.1158435486764475e-14 0.0
33765.53 2.0599842390857842e-14 0.0
33775.53 2.0050784438144424e-14 0.0
33785.53 2.100149347574805e-14 0.0
33795.53 2.0742592467992444e-14 0.0
33805.53 2.1218570272555695e-14 0.0
33815.53 2.0366208517532153e-14 0.0
33825.53 2.134523571655193e-14 0.0
33835.53 2.125571591099885e-14 0.0
33845.53 2.0665234364225737e-14 0.0
33855.53 2.0549275545226664e-14 0.0
33865.53 2.1051040390892186e-14 0.0
33875.53 2.112114103786738e-14 0.0
33885.53 2.0775856753896125e-14 0.0
33895.53 2.114799327848736e-14 0.0
33905.53 2.1635664901952176e-14 0.0
33915.53 2.1299104723487546e-14 0.0
33925.53 2.072937281915982e-14 0.0
33935.53 1.957317696204299e-14 0.0
33945.53 2.0064652726527367e-14 0.0
33955.53 2.028141697826908e-14 0.0
33965.53 1.9644693717742327e-14 0.0
33975.53 1.9768477554659387e-14 0.0
33985.53 2.102350525907524e-14 0.0
33995.53 2.0078123089915907e-14 0.0
34005.53 2.085899643051585e-14 0.0
34015.53 2.0206829145387203e-14 0.0
34025.53 2.0916898816885855e-14 0.0
34035.53 2.0266233431104992e-14 0.0
34045.53 2.0749558979637206e-14 0.0
34055.53 2.0290762115594047e-14 0.0
34065.53 2.0321516539063843e-14 0.0
34075.53 2.142853765027364e-14 0.0
34085.53 1.942043946499883e-14 0.0
34095.53 2.0286622267045197e-14 0.0
34105.53 2.0993827491988224e-14 0.0
34115.53 2.091367370080616e-14 0.0
34125.53 2.0528865436351775e-14 0.0
34135.53 1.988180611467283e-14 0.0
34145.53 1.990258538639689e-14 0.0
34155.53 2.0049683464223275e-14 0.0
34165.53 2.0389211045022935e-14 0.0
34175.53 1.9875853409235294e-14 0.0
34185.53 2.030807003148145e-14 0.0
34195.53 2.0058511759662776e-14 0.0
34205.53 2.067741425447301e-14 0.0
34215.53 2.0959752800860253e-14 0.0
34225.53 2.0285365308863524e-14 0.0
34235.53 2.1121124488630298e-14 0.0
34245.53 2.041701129054231e-14 0.0
34255.53 2.016685962722818e-14 0.0
34265.53 2.1103660566975676e-14 0.0
34275.53 2.0159859103819143e-14 0.0
34285.53 2.0286280320837005e-14 0.0
34295.53 2.090181763257811e-14 0.0
34305.53 2.021550275788672e-14 0.0
34315.53 2.0678594457159436e-14 0.0
34325.53 2.1177995851028628e-14 0.0
34335.53 1.9613309674582348e-14 0.0
34345.53 2.061391413382502e-14 0.0
34355.53 2.0674674660904684e-14 0.0
34365.53 2.008765239569554e-14 0.0
34375.53 2.0592016278579906e-14 0.0
34385.53 2.0464134165391785e-14 0.0
34395.53 2.0739653037100704e-14 0.0
34405.53 1.9739858754449603e-14 0.0
34415.53 2.0557859708317257e-14 0.0
34425.53 1.9807696417744894e-14 0.0
34435.53 2.0066550667048424e-14 0.0
34445.53 1.9789494876638745e-14 0.0
34455.53 1.980536782615199e-14 0.0
34465.53 1.9802515985167155e-14 0.0
34475.53 2.0951376169527133e-14 0.0
34485.53 1.9854732769585015e-14 0.0
34495.53 1.9692178127843106e-14 0.0
34505.53 2.097409861093281e-14 0.0
34515.53 2.0148498849800928e-14 0.0
34525.53 1.9283799683202575e-14 0.0
34535.53 1.9896346722719075e-14 0.0
34545.53 1.9905245799920875e-14 0.0
34555.53 1.9940670399433236e-14 0.0
34565.53 1.9646471186272768e-14 0.0
34575.53 1.917656987489116e-14 0.0
34585.53 1.871962164437351e-14 0.0
34595.53 1.9240539439231056e-14 0.0
34605.53 1.9640520597507698e-14 0.0
34615.53 2.023966552083384e-14 0.0
34625.53 1.952005471115048e-14 0.0
34635.53 2.0601772481242334e-14 0.0
34645.53 2.0019423149068735e-14 0.0
34655.53 1.9510300058293653e-14 0.0
34665.53 2.045258288732871e-14 0.0
34675.53 2.0385720433331518e-14 0.0
34685.53 2.0112435726578118e-14 0.0
34695.53 2.037517538053079e-14 0.0
34705.53 2.042490649101296e-14 0.0
34715.53 1.963902140080713e-14 0.0
34725.53 2.095868563190822e-14 0.0
34735.53 2.0044112341834518e-14 0.0
34745.53 1.9826799714014437e-14 0.0
34755.53 1.9719860557862398e-14 0.0
34765.53 2.0106507037088895e-14 0.0
34775.53 2.0306048500002555e-14 0.0
34785.53 1.975159829997815e-14 0.0
34795.53 2.0194010472935537e-14 0.0
34805.53 1.9864719860193974e-14 0.0
34815.53 1.9289624782795736e-14 0.0
34825.53 1.9711948293482897e-14 0.0
34835.53 1.9869362729267436e-14 0.0
34845.53 1.944281903234782e-14 0.0
34855.53 1.9846982538141544e-14 0.0
34865.53 1.9756965377589304e-14 0.0
34875.53 1.908768803569423e-14 0.0
34885.53 1.988504969135585e-14 0.0
34895.53 2.0114285147414138e-14 0.0
34905.53 1.9814590467954406e-14 0.0
34915.53 1.8987509973785846e-14 0.0
34925.53 1.8923138990688797e-14 0.0
34935.53 1.9484831970094646e-14 0.0
34945.53 2.033087815399205e-14 0.0
34955.53 1.9752825501991647e-14 0.0
34965.53 1.964320473093206e-14 0.0
34975.53 1.995544571575967e-14 0.0
34985.53 1.9276888626159668e-14 0.0
34995.53 1.9147266086581554e-14 0.0
35005.53 1.9720296359622483e-14 0.0
35015.53 1.9735550870528604e-14 0.0
35025.53 2.0011118666579313e-14 0.0
35035.53 2.0428738508598187e-14 0.0
35045.53 1.9537112096116066e-14 0.0
35055.53 1.9385617211708368e-14 0.0
35065.53 2.0245660017421158e-14 0.0
35075.53 1.952668137762581e-14 0.0
35085.53 1.8826827047217264e-14 0.0
35095.53 2.019811295393109e-14 0.0
35105.53 1.9084513481856657e-14 0.0
35115.53 1.912260662037088e-14 0.0
35125.53 1.8915555102536814e-14 0.0
35135.53 1.936066761901159e-14 0.0
35145.53 2.0049728861053346e-14 0.0
35155.53 1.9400984732856954e-14 0.0
35165.53 1.9301530836969177e-14 0.0
35175.53 1.92128468086686e-14 0.0
35185.53 1.9039578178864025e-14 0.0
35195.53 1.8439366153918355e-14 0.0
35205.53 1.8335741489718584e-14 0.0
35215.53 1.8355115492258677e-14 0.0
35225.53 1.853822520445803e-14 0.0
35235.53 1.9147364402291313e-14 0.0
35245.53 1.8373639724628155e-14 0.0
35255.53 1.9376222836871024e-14 0.0
35265.53 1.9533538104701624e-14 0.0
35275.53 1.8610511283125667e-14 0.0
35285.53 1.8972577247470383e-14 0.0
35295.53 1.9351646977113584e-14 0.0
35305.53 1.9866152836371577e-14 0.0
35315.53 2.0168404296694e-14 0.0
35325.53 1.9459964943506048e-14 0.0
35335.53 1.9084384731194314e-14 0.0
35345.53 1.9870407067786405e-14 0.0
35355.53 1.933423391995288e-14 0.0
35365.53 1.921218453759538e-14 0.0
35375.53 1.9051851189795935e-14 0.0
35385.53 1.8856061385938946e-14 0.0
35395.53 1.8804947293165497e-14 0.0
35405.53 1.982676823557351e-14 0.0
35415.53 1.878281545416769e-14 0.0
35425.53 1.944946385618206e-14 0.0
35435.53 1.9553643329278386e-14 0.0
35445.53 1.8062040335577068e-14 0.0
35455.53 1.87585077116882e-14 0.0
35465.53 1.9218436084197642e-14 0.0
35475.53 1.9089903458391426e-14 0.0
35485.53 1.956308227136636e-14 0.0
35495.53 1.930542030588754e-14 0.0
35505.53 1.929748910444868e-14 0.0
35515.53 1.8676520202370553e-14 0.0
35525.53 1.8597896505814632e-14 0.0
35535.53 1.8870884082426405e-14 0.0
35545.53 1.8904996078738258e-14 0.0
35555.53 1.9385658593900053e-14 0.0
35565.53 1.8930107145610566e-14 0.0
35575.53 1.8820280298465945e-14 0.0
35585.53 1.8821835562791924e-14 0.0
35595.53 1.9295021784244577e-14 0.0
35605.53 1.8588441606668177e-14 0.0
35615.53 1.8977191902323052e-14 0.0
35625.53 1.882102509602539e-14 0.0
35635.53 1.9203660646110223e-14 0.0
35645.53 1.8962820869528388e-14 0.0
35655.53 1.935547865257691e-14 0.0
35665.53 1.9140863900215425e-14 0.0
35675.53 1.8693569006412614e-14 0.0
35685.53 1.8969004087372457e-14 0.0
35695.53 1.8546175263464183e-14 0.0
35705.53 1.7880524332494306e-14 0.0
35715.53 1.7776484404436443e-14 0.0
35725.53 1.833345476082658e-14 0.0
35735.53 1.8973000579069144e-14 0.0
35745.53 1.833418476980288e-14 0.0
35755.53 1.7867467351376118e-14 0.0
35765.53 1.8468306455905744e-14 0.0
35775.53 1.8443758927746027e-14 0.0
35785.53 1.851064448696568e-14 0.0
35795.53 1.8985473392252014e-14 0.0
35805.53 1.9130852798786673e-14 0.0
35815.53 1.85458060570226e-14 0.0
35825.53 1.8610755118434018e-14 0.0
35835.53 1.9138278018311606e-14 0.0
35845.53 1.8533340836116983e-14 0.0
35855.53 1.87373534104192e-14 0.0
35865.53 1.8513395346403076e-14 0.0
35875.53 1.811845688785299e-14 0.0
35885.53 1.8793951852267197e-14 0.0
35895.53 1.732817886334645e-14 0.0
35905.53 1.8976958984888887e-14 0.0
35915.53 1.771901743651103e-14 0.0
35925.53 1.847478492561243e-14 0.0
35935.53 1.8105473985969893e-14 0.0
35945.53 1.9020501632126564e-14 0.0
35955.53 1.8501092743829212e-14 0.0
35965.53 1.887171147959484e-14 0.0
35975.53 1.7548122300806294e-14 0.0
35985.53 1.8856531981148983e-14 0.0
35995.53 1.86232355997466e-14 0.0
36005.53 1.789420465673891e-14 0.0
36015.53 1.8265932399921077e-14 0.0
36025.53 1.7408530186665002e-14 0.0
36035.53 1.8631010718490442e-14 0.0
36045.53 1.9054443855986985e-14 0.0
36055.53 1.876775005560932e-14 0.0
36065.53 1.8086407134120085e-14 0.0
36075.53 1.945237399272056e-14 0.0
36085.53 1.814135814568933e-14 0.0
36095.53 1.9082282282343638e-14 0.0
36105.53 1.8727208827599463e-14 0.0
36115.53 1.8592303822301465e-14 0.0
36125.53 1.862108687419384e-14 0.0
36135.53 1.7830961684953947e-14 0.0
36145.53 1.8187016396844553e-14 0.0
36155.53 1.834281144360767e-14 0.0
36165.53 1.8187034602179935e-14 0.0
36175.53 1.788551581774683e-14 0.0
36185.53 1.8608522842262715e-14 0.0
36195.53 1.84304517270568e-14 0.0
36205.53 1.844411467322935e-14 0.0
36215.53 1.8215085198378476e-14 0.0
36225.53 1.769278749619086e-14 0.0
36235.53 1.816018187881735e-14 0.0
36245.53 1.823227530761663e-14 0.0
36255.53 1.7946050697234578e-14 0.0
36265.53 1.7939721897918802e-14 0.0
36275.53 1.8774312469755235e-14 0.0
36285.53 1.8820541916916695e-14 0.0
36295.53 1.845751824037722e-14 0.0
36305.53 1.836452032861466e-14 0.0
36315.53 1.7827899052789156e-14 0.0
36325.53 1.8001140340965763e-14 0.0
36335.53 1.7450442372407012e-14 0.0
36345.53 1.8635394105968833e-14 0.0
36355.53 1.684161701293655e-14 0.0
36365.53 1.7144156790039324e-14 0.0
36375.53 1.6878323962842e-14 0.0
36385.53 1.750066177190611e-14 0.0
36395.53 1.8353561257276254e-14 0.0
36405.53 1.7211286834896725e-14 0.0
36415.53 1.8078392874814176e-14 0.0
36425.53 1.8465927017520585e-14 0.0
36435.53 1.8401396161669672e-14 0.0
36445.53 1.8586516014740013e-14 0.0
36455.53 1.8250572310245832e-14 0.0
36465.53 1.7873919598878355e-14 0.0
36475.53 1.8018541054606494e-14 0.0
36485.53 1.7810435829274968e-14 0.0
36495.53 1.7776168920728664e-14 0.0
36505.53 1.787123795650841e-14 0.0
36515.53 1.785501121101111e-14 0.0
36525.53 1.774247627620149e-14 0.0
36535.53 1.7988835894689034e-14 0.0
36545.53 1.7400602350775902e-14 0.0
36555.53 1.784697875745404e-14 0.0
36565.53 1.7858691595388557e-14 0.0
36575.53 1.7568294962109675e-14 0.0
36585.53 1.6920926721807324e-14 0.0
36595.53 1.7458320749843796e-14 0.0
36605.53 1.6924174184667578e-14 0.0
36615.53 1.729727263345725e-14 0.0
36625.53 1.66936242353838e-14 0.0
36635.53 1.781368894078619e-14 0.0
36645.53 1.762150031537155e-14 0.0
36655.53 1.7219000100465802e-14 0.0
36665.53 1.8254737349504903e-14 0.0
36675.53 1.78360824616795e-14 0.0
36685.53 1.792376378825898e-14 0.0
36695.53 1.7924625971019154e-14 0.0
36705.53 1.8049172654990216e-14 0.0
36715.53 1.788100666308113e-14 0.0
36725.53 1.7802478442027615e-14 0.0
36735.53 1.7286301902180927e-14 0.0
36745.53 1.7712299234229114e-14 0.0
36755.53 1.738758493850406e-14 0.0
36765.53 1.797097312565091e-14 0.0
36775.53 1.694236729787862e-14 0.0
36785.53 1.780466023635875e-14 0.0
36795.53 1.7304660530510227e-14 0.0
36805.53 1.7448080875817493e-14 0.0
36815.53 1.7736450731224443e-14 0.0
36825.53 1.7717904338272768e-14 0.0
36835.53 1.767574235068593e-14 0.0
36845.53 1.7340169390858402e-14 0.0
36855.53 1.7316011375762565e-14 0.0
36865.53 1.818589473993393e-14 0.0
36875.53 1.764370349315508e-14 0.0
36885.53 1.800899155602462e-14 0.0
36895.53 1.7508558940322152e-14 0.0
36905.53 1.7350654911801317e-14 0.0
36915.53 1.7146047770662708e-14 0.0
36925.53 1.770134695859303e-14 0.0
36935.53 1.7206074511363087e-14 0.0
36945.53 1.7339955333969386e-14 0.0
36955.53 1.7262316421658025e-14 0.0
36965.53 1.7213671077216007e-14 0.0
36975.53 1.762496531415976e-14 0.0
36985.53 1.701258973355053e-14 0.0
36995.53 1.6251719518128033e-14 0.0
37005.53 1.7349779782920097e-14 0.0
37015.53 1.7139894314363485e-14 0.0
37025.53 1.7490915356444688e-14 0.0
37035.53 1.7615899465765944e-14 0.0
37045.53 1.6772253934127684e-14 0.0
37055.53 1.7318829154607825e-14 0.0
37065.53 1.6957575345387985e-14 0.0
37075.53 1.589785871156807e-14 0.0
37085.53 1.6876346536219777e-14 0.0
37095.53 1.6481292359403334e-14 0.0
37105.53 1.7784519666437132e-14 0.0
37115.53 1.7467852104218934e-14 0.0
37125.53 1.762193833265219e-14 0.0
37135.53 1.729242891450858e-14 0.0
37145.53 1.7107210341650754e-14 0.0
37155.53 1.7296264025170276e-14 0.0
37165.53 1.7431081325335106e-14 0.0
37175.53 1.671125303100899e-14 0.0
37185.53 1.7110849760156517e-14 0.0
37195.53 1.7458142348492364e-14 0.0
37205.53 1.7144945300537267e-14 0.0
37215.53 1.7207700638349628e-14 0.0
37225.53 1.6903800870109823e-14 0.0
37235.53 1.700117041379078e-14 0.0
37245.53 1.773725795990975e-14 0.0
37255.53 1.7220794305589727e-14 0.0
