reference_uv_spectra/lya_masked/M5.5-2800-proxcen-muscles.spec
# %ECSV 0.9
# ---
# datatype:
# - {name: w, datatype: float64}
# - {name: f, datatype: float64}
# - {name: e, datatype: float64}
# meta: !!omap
# - {distance: 10}
# - {w0: 1170.0}
# - {filename: M5.5-2800-proxcen-muscles.spec}
# schema: astropy-2.0
w f e
[from data line 4705]
32785.53 3.094684406705451e-15 0.0
32795.53 3.1701769117617934e-15 0.0
32805.53 3.020346394310987e-15 0.0
32815.53 2.962170271304598e-15 0.0
32825.53 3.1652897402607468e-15 0.0
32835.53 3.28759044145028e-15 0.0
32845.53 3.0415791982254426e-15 0.0
32855.53 3.2889079364108123e-15 0.0
32865.53 3.1066867933921096e-15 0.0
32875.53 2.9404507700651675e-15 0.0
32885.53 3.016644313513402e-15 0.0
32895.53 3.418263186429254e-15 0.0
32905.53 3.1752730808980963e-15 0.0
32915.53 3.1314850069082676e-15 0.0
32925.53 3.1688141554116765e-15 0.0
32935.53 2.9827627805769503e-15 0.0
32945.53 2.950749393260649e-15 0.0
32955.53 3.035144497933013e-15 0.0
32965.53 3.233086491295998e-15 0.0
32975.53 3.1213737532323416e-15 0.0
32985.53 3.020490617986395e-15 0.0
32995.53 3.2403976040058065e-15 0.0
33005.53 3.021096298438925e-15 0.0
33015.53 3.1252357184883972e-15 0.0
33025.53 3.2807420770877426e-15 0.0
33035.53 3.172872849136213e-15 0.0
33045.53 3.182695534527518e-15 0.0
33055.53 3.1130020200388805e-15 0.0
33065.53 3.1356264677975685e-15 0.0
33075.53 3.3057476689090308e-15 0.0
33085.53 3.0382858725842806e-15 0.0
33095.53 3.0865134044593012e-15 0.0
33105.53 3.2107486525102333e-15 0.0
33115.53 3.1260263587903014e-15 0.0
33125.53 2.9502000845051196e-15 0.0
33135.53 3.335304909535582e-15 0.0
33145.53 3.1385042850350306e-15 0.0
33155.53 2.9774092437883465e-15 0.0
33165.53 3.1477834863664868e-15 0.0
33175.53 2.907374152510381e-15 0.0
33185.53 3.3430800557108006e-15 0.0
33195.53 3.0557871043858683e-15 0.0
33205.53 2.8699416021394034e-15 0.0
33215.53 3.070617508045966e-15 0.0
33225.53 3.08816833557049e-15 0.0
33235.53 3.293947486378355e-15 0.0
33245.53 3.162412489983216e-15 0.0
33255.53 3.227699913150057e-15 0.0
33265.53 3.0317489668066214e-15 0.0
33275.53 3.2382839692744258e-15 0.0
33285.53 3.2367000940325105e-15 0.0
33295.53 3.4019550005545537e-15 0.0
33305.53 3.1795251250612684e-15 0.0
33315.53 3.2101176168936368e-15 0.0
33325.53 3.288688433933328e-15 0.0
33335.53 3.1202936999599943e-15 0.0
33345.53 3.3049754709814545e-15 0.0
33355.53 3.0220994475820104e-15 0.0
33365.53 3.080160747662337e-15 0.0
33375.53 3.0376879703695437e-15 0.0
33385.53 2.9378339979078745e-15 0.0
33395.53 2.7826631712583964e-15 0.0
33405.53 3.094233251552959e-15 0.0
33415.53 3.06014029930661e-15 0.0
33425.53 3.240011429101668e-15 0.0
33435.53 3.006901552236077e-15 0.0
33445.53 3.1233428791384778e-15 0.0
33455.53 2.9650762542176937e-15 0.0
33465.53 3.1852401167095583e-15 0.0
33475.53 3.141528365640874e-15 0.0
33485.53 3.0064842847294064e-15 0.0
33495.53 3.0952120019078626e-15 0.0
33505.53 3.1472858539206086e-15 0.0
33515.53 3.1367698763943344e-15 0.0
33525.53 3.2703648661299195e-15 0.0
33535.53 3.1224594870021096e-15 0.0
33545.53 2.917774354777554e-15 0.0
33555.53 3.006400852666526e-15 0.0
33565.53 3.0652695962819833e-15 0.0
33575.53 2.946764656017602e-15 0.0
33585.53 2.99756427980641e-15 0.0
33595.53 3.291296861296146e-15 0.0
33605.53 3.0336375095012657e-15 0.0
33615.53 3.044947842331992e-15 0.0
33625.53 3.1449546123408744e-15 0.0
33635.53 3.047702009054613e-15 0.0
33645.53 2.996855508826754e-15 0.0
33655.53 3.289785751798888e-15 0.0
33665.53 3.0277215542507773e-15 0.0
33675.53 3.153727716139237e-15 0.0
33685.53 3.1016632231064354e-15 0.0
33695.53 3.0590931069524887e-15 0.0
33705.53 3.1626023138820667e-15 0.0
33715.53 3.0453694210936753e-15 0.0
33725.53 3.0224527361217787e-15 0.0
33735.53 3.0340251925831355e-15 0.0
33745.53 3.191784508988749e-15 0.0
33755.53 3.012880591971372e-15 0.0
33765.53 2.9891521513407926e-15 0.0
33775.53 2.9511679218868813e-15 0.0
33785.53 2.9810343470650693e-15 0.0
33795.53 3.0784117740771143e-15 0.0
33805.53 3.0095635145937225e-15 0.0
33815.53 3.0551914409354593e-15 0.0
33825.53 3.0955753816685333e-15 0.0
33835.53 3.229335055485035e-15 0.0
33845.53 3.0073415099169955e-15 0.0
33855.53 3.035111319263694e-15 0.0
33865.53 3.0552093038180694e-15 0.0
33875.53 3.092099782167863e-15 0.0
33885.53 3.0584740904873277e-15 0.0
33895.53 3.128177886613844e-15 0.0
33905.53 3.148808797136088e-15 0.0
33915.53 3.2975590229934728e-15 0.0
33925.53 3.133100966014942e-15 0.0
33935.53 2.7770550598652084e-15 0.0
33945.53 3.0492356897878866e-15 0.0
33955.53 2.9537265227847313e-15 0.0
33965.53 2.8456619112053004e-15 0.0
33975.53 3.0862134546347407e-15 0.0
33985.53 3.1340104834308663e-15 0.0
33995.53 2.964319594030064e-15 0.0
34005.53 3.063780157045278e-15 0.0
34015.53 2.8629104979044803e-15 0.0
34025.53 3.119660201423464e-15 0.0
34035.53 3.036373289818667e-15 0.0
34045.53 2.968443177571434e-15 0.0
34055.53 3.0891893598694776e-15 0.0
34065.53 2.926926131851458e-15 0.0
34075.53 3.2361928209827086e-15 0.0
34085.53 2.9157060757343476e-15 0.0
34095.53 2.9369198668197053e-15 0.0
34105.53 3.044418507878945e-15 0.0
34115.53 3.1050029706715814e-15 0.0
34125.53 3.0325853444164755e-15 0.0
34135.53 2.9528681009666494e-15 0.0
34145.53 2.8896645876407806e-15 0.0
34155.53 2.9321997843548284e-15 0.0
34165.53 3.014944710016924e-15 0.0
34175.53 2.9326587205988875e-15 0.0
34185.53 2.895032845876483e-15 0.0
34195.53 2.9531879076133658e-15 0.0
34205.53 3.035596655318215e-15 0.0
34215.53 3.0751771645385847e-15 0.0
34225.53 3.1195873204111878e-15 0.0
34235.53 3.017095284070201e-15 0.0
34245.53 3.1262719472562627e-15 0.0
34255.53 2.922506617032341e-15 0.0
34265.53 3.06790699419819e-15 0.0
34275.53 3.0845095797223357e-15 0.0
34285.53 3.012032441554809e-15 0.0
34295.53 2.9136133508363825e-15 0.0
34305.53 3.0324136443446992e-15 0.0
34315.53 3.1024743128847252e-15 0.0
34325.53 3.1730809881786733e-15 0.0
34335.53 2.9501005687217292e-15 0.0
34345.53 2.9480070031187487e-15 0.0
34355.53 3.1428609902207787e-15 0.0
34365.53 2.948180762115448e-15 0.0
34375.53 3.1260660182542834e-15 0.0
34385.53 2.9761018609350266e-15 0.0
34395.53 3.1782285580494068e-15 0.0
34405.53 2.8774909716411722e-15 0.0
34415.53 2.9409785160626045e-15 0.0
34425.53 3.0187529563959015e-15 0.0
34435.53 2.856359937039609e-15 0.0
34445.53 2.920343986687219e-15 0.0
34455.53 2.851882171189819e-15 0.0
34465.53 2.912821497825662e-15 0.0
34475.53 3.0606428554003274e-15 0.0
34485.53 3.060304238263231e-15 0.0
34495.53 2.9937894033926077e-15 0.0
34505.53 3.1825752356451216e-15 0.0
34515.53 3.0073431432368137e-15 0.0
34525.53 2.8941624011639738e-15 0.0
34535.53 2.973677081202938e-15 0.0
34545.53 3.022258837531231e-15 0.0
34555.53 3.0498527731009372e-15 0.0
34565.53 2.8130668826802574e-15 0.0
34575.53 2.879547733052549e-15 0.0
34585.53 2.8959947893482264e-15 0.0
34595.53 2.7335092263278113e-15 0.0
34605.53 2.8959161534026145e-15 0.0
34615.53 3.035444494017649e-15 0.0
34625.53 2.8953580975223e-15 0.0
34635.53 3.032660981356738e-15 0.0
34645.53 3.1630844945320636e-15 0.0
34655.53 2.774827663935441e-15 0.0
34665.53 3.0290497282164157e-15 0.0
34675.53 3.1805096006640637e-15 0.0
34685.53 2.9154210727739428e-15 0.0
34695.53 3.065630101000659e-15 0.0
34705.53 3.073074973737242e-15 0.0
34715.53 2.896420916010956e-15 0.0
34725.53 3.133292951926099e-15 0.0
34735.53 3.1044731109691854e-15 0.0
34745.53 3.0400867268961635e-15 0.0
34755.53 2.794191527329857e-15 0.0
34765.53 3.0959386807687542e-15 0.0
34775.53 2.9780499907431487e-15 0.0
34785.53 2.9559062699886087e-15 0.0
34795.53 2.966691255573296e-15 0.0
34805.53 3.036255475259503e-15 0.0
34815.53 2.802530063345833e-15 0.0
34825.53 2.855075248765274e-15 0.0
34835.53 2.93126236156667e-15 0.0
34845.53 2.9802250889024705e-15 0.0
34855.53 2.900916145401236e-15 0.0
34865.53 2.9562753730843156e-15 0.0
34875.53 2.796098059383027e-15 0.0
34885.53 2.93947203139419e-15 0.0
34895.53 3.069992071097948e-15 0.0
34905.53 2.9078037314320765e-15 0.0
34915.53 2.8476308741465163e-15 0.0
34925.53 2.7135749568639643e-15 0.0
34935.53 2.9078215915022725e-15 0.0
34945.53 2.9520309038896418e-15 0.0
34955.53 3.0524150074516662e-15 0.0
34965.53 2.9644634906382573e-15 0.0
34975.53 3.064295595215586e-15 0.0
34985.53 2.782804251264905e-15 0.0
34995.53 2.7316315862148524e-15 0.0
35005.53 2.9126840275733076e-15 0.0
35015.53 2.928139901237629e-15 0.0
35025.53 3.025799361828135e-15 0.0
35035.53 3.0866325297275047e-15 0.0
35045.53 3.0091639521642808e-15 0.0
35055.53 2.8648183444407013e-15 0.0
35065.53 3.052946077350318e-15 0.0
35075.53 3.098774847683936e-15 0.0
35085.53 2.818258337088106e-15 0.0
35095.53 3.0507392514895296e-15 0.0
35105.53 2.8271867781366564e-15 0.0
35115.53 2.9014499422455334e-15 0.0
35125.53 2.9030068539533997e-15 0.0
35135.53 3.043402631321365e-15 0.0
35145.53 2.9213738273149897e-15 0.0
35155.53 2.98810280016935e-15 0.0
35165.53 2.8026580065558223e-15 0.0
35175.53 2.866973279690021e-15 0.0
35185.53 3.000998584465668e-15 0.0
35195.53 2.6284474147267587e-15 0.0
35205.53 2.7301053794616637e-15 0.0
35215.53 2.7848549831086426e-15 0.0
35225.53 2.832798755327418e-15 0.0
35235.53 2.8682754508401926e-15 0.0
35245.53 2.770256741346277e-15 0.0
35255.53 2.9498885536660147e-15 0.0
35265.53 2.9201418334442036e-15 0.0
35275.53 2.7571418872913326e-15 0.0
35285.53 2.7320922926564415e-15 0.0
35295.53 2.8760742207560386e-15 0.0
35305.53 3.0067821874267076e-15 0.0
35315.53 3.090016082244651e-15 0.0
35325.53 2.9458265631097495e-15 0.0
35335.53 2.87938427526689e-15 0.0
35345.53 2.9933473780289917e-15 0.0
35355.53 2.932654109697698e-15 0.0
35365.53 2.900493410468531e-15 0.0
35375.53 2.8084893225353644e-15 0.0
35385.53 2.776241606087446e-15 0.0
35395.53 2.833357312024234e-15 0.0
35405.53 3.044736068368407e-15 0.0
35415.53 2.8657140139122537e-15 0.0
35425.53 2.858118064836216e-15 0.0
35435.53 2.9602410824022195e-15 0.0
35445.53 2.580248472012826e-15 0.0
35455.53 2.7985232441337627e-15 0.0
35465.53 2.8379017143034006e-15 0.0
35475.53 2.8879613365362946e-15 0.0
35485.53 3.008409726462252e-15 0.0
35495.53 2.9760897389960604e-15 0.0
35505.53 2.896067720932257e-15 0.0
35515.53 2.7715122740062415e-15 0.0
35525.53 2.8552121917416863e-15 0.0
35535.53 2.7961184220468074e-15 0.0
35545.53 2.788052116516077e-15 0.0
35555.53 2.99549997865409e-15 0.0
35565.53 2.7953616051498104e-15 0.0
35575.53 2.83918996841894e-15 0.0
35585.53 2.8542867677769997e-15 0.0
35595.53 2.9386860626671734e-15 0.0
35605.53 2.726742099145758e-15 0.0
35615.53 2.9013336612275262e-15 0.0
35625.53 2.744625779671658e-15 0.0
35635.53 2.9310795183587465e-15 0.0
35645.53 2.855236759243694e-15 0.0
35655.53 2.9101102189392162e-15 0.0
35665.53 2.899320841676881e-15 0.0
35675.53 2.9024065224126017e-15 0.0
35685.53 2.8521122823517167e-15 0.0
35695.53 2.8056441289497094e-15 0.0
35705.53 2.7459327611149065e-15 0.0
35715.53 2.764589045062659e-15 0.0
35725.53 2.6828811285616385e-15 0.0
35735.53 2.8946039483241378e-15 0.0
35745.53 2.897196584767703e-15 0.0
35755.53 2.590506684250739e-15 0.0
35765.53 2.8025200221176593e-15 0.0
35775.53 2.7441640281907626e-15 0.0
35785.53 2.840811577386333e-15 0.0
35795.53 2.809240176556159e-15 0.0
35805.53 2.956909580328516e-15 0.0
35815.53 2.8311889804091186e-15 0.0
35825.53 2.8280329017229044e-15 0.0
35835.53 2.8304489538103112e-15 0.0
35845.53 2.7835170646451957e-15 0.0
35855.53 2.873903239815838e-15 0.0
35865.53 2.7821207100694137e-15 0.0
35875.53 2.7689114852634693e-15 0.0
35885.53 2.8790801988140295e-15 0.0
35895.53 2.705449850837499e-15 0.0
35905.53 2.9365792273811074e-15 0.0
35915.53 2.762760946957595e-15 0.0
35925.53 2.7935687128649132e-15 0.0
35935.53 2.7454951447066733e-15 0.0
35945.53 2.8891924502972486e-15 0.0
35955.53 2.7433388525295976e-15 0.0
35965.53 2.91683478739958e-15 0.0
35975.53 2.6203489518776312e-15 0.0
35985.53 2.822637949955244e-15 0.0
35995.53 2.8497760282332465e-15 0.0
36005.53 2.7410050715157225e-15 0.0
36015.53 2.703663676913537e-15 0.0
36025.53 2.533211062870446e-15 0.0
36035.53 2.774592453753074e-15 0.0
36045.53 2.943494405075935e-15 0.0
36055.53 2.8008312112498834e-15 0.0
36065.53 2.734837130281018e-15 0.0
36075.53 2.9707988773205782e-15 0.0
36085.53 2.792443528587326e-15 0.0
36095.53 2.8596153999771567e-15 0.0
36105.53 2.963147715272481e-15 0.0
36115.53 2.7773827844088253e-15 0.0
36125.53 2.8480458926938576e-15 0.0
36135.53 2.6636675619613285e-15 0.0
36145.53 2.7591525020127346e-15 0.0
36155.53 2.7462444161034813e-15 0.0
36165.53 2.735975409861678e-15 0.0
36175.53 2.649244560097113e-15 0.0
36185.53 2.850432313300227e-15 0.0
36195.53 2.8308877275062598e-15 0.0
36205.53 2.8028630387079016e-15 0.0
36215.53 2.769306866749864e-15 0.0
36225.53 2.689820316548933e-15 0.0
36235.53 2.6875292664033724e-15 0.0
36245.53 2.7298180787486136e-15 0.0
36255.53 2.8406466596268928e-15 0.0
36265.53 2.666052906808971e-15 0.0
36275.53 2.8094806671390243e-15 0.0
36285.53 2.8899078487823893e-15 0.0
36295.53 2.8827877462311477e-15 0.0
36305.53 2.758442469882497e-15 0.0
36315.53 2.7960760064066843e-15 0.0
36325.53 2.8043173418144068e-15 0.0
36335.53 2.60828024178742e-15 0.0
36345.53 2.810494269115356e-15 0.0
36355.53 2.613464671260519e-15 0.0
36365.53 2.5145272733371892e-15 0.0
36375.53 2.564164109910527e-15 0.0
36385.53 2.680794987649118e-15 0.0
36395.53 2.840894476620822e-15 0.0
36405.53 2.617387112507999e-15 0.0
36415.53 2.7375618745304624e-15 0.0
36425.53 2.8421874767678434e-15 0.0
36435.53 2.8425603442281013e-15 0.0
36445.53 2.8799703578978538e-15 0.0
36455.53 2.79793529908497e-15 0.0
36465.53 2.733237376314628e-15 0.0
36475.53 2.767851919383399e-15 0.0
36485.53 2.681010958013688e-15 0.0
36495.53 2.8035475288139725e-15 0.0
36505.53 2.632909459719494e-15 0.0
36515.53 2.7137566694297277e-15 0.0
36525.53 2.6411455464284156e-15 0.0
36535.53 2.7443705400655602e-15 0.0
36545.53 2.7321367430988326e-15 0.0
36555.53 2.6348106866601453e-15 0.0
36565.53 2.770798827667346e-15 0.0
36575.53 2.7275967628134836e-15 0.0
36585.53 2.534864283775379e-15 0.0
36595.53 2.682592886051762e-15 0.0
36605.53 2.6150318058350817e-15 0.0
36615.53 2.602047959652937e-15 0.0
36625.53 2.531908647133307e-15 0.0
36635.53 2.7617620250486524e-15 0.0
36645.53 2.649778956192405e-15 0.0
36655.53 2.706065391293271e-15 0.0
36665.53 2.6059793312767267e-15 0.0
36675.53 2.6971141837320416e-15 0.0
36685.53 2.7377541030847124e-15 0.0
36695.53 2.774574721751116e-15 0.0
36705.53 2.7694170226712113e-15 0.0
36715.53 2.7401766964957238e-15 0.0
36725.53 2.760946386945386e-15 0.0
36735.53 2.5977881161588654e-15 0.0
36745.53 2.6666006019109014e-15 0.0
36755.53 2.642377934388725e-15 0.0
36765.53 2.689094403812385e-15 0.0
36775.53 2.5723363547784127e-15 0.0
36785.53 2.7234760389595683e-15 0.0
36795.53 2.609425309201847e-15 0.0
36805.53 2.6143905440637457e-15 0.0
36815.53 2.748599816320186e-15 0.0
36825.53 2.7085041997603943e-15 0.0
36835.53 2.74635390040587e-15 0.0
36845.53 2.6338964552039485e-15 0.0
36855.53 2.6694004930891535e-15 0.0
36865.53 2.7557473412839216e-15 0.0
36875.53 2.7274278925162432e-15 0.0
36885.53 2.787017446611435e-15 0.0
36895.53 2.691416744939068e-15 0.0
36905.53 2.600725713863274e-15 0.0
36915.53 2.635276353145521e-15 0.0
36925.53 2.7099371142613455e-15 0.0
36935.53 2.683716510111618e-15 0.0
36945.53 2.5437950111718223e-15 0.0
36955.53 2.702180025759431e-15 0.0
36965.53 2.6731477028550463e-15 0.0
36975.53 2.725500525448144e-15 0.0
36985.53 2.6607005223346594e-15 0.0
36995.53 2.416689048748931e-15 0.0
37005.53 2.6404397878647744e-15 0.0
37015.53 2.6145889099672685e-15 0.0
37025.53 2.6388996552261203e-15 0.0
37035.53 2.71625375215062e-15 0.0
37045.53 2.6096300379233984e-15 0.0
37055.53 2.6971024133138165e-15 0.0
37065.53 2.7122542397040737e-15 0.0
37075.53 2.4595811247214085e-15 0.0
37085.53 2.471771687325322e-15 0.0
37095.53 2.5276280772124416e-15 0.0
37105.53 2.73022138618658e-15 0.0
37115.53 2.7386230555530575e-15 0.0
37125.53 2.752217252635587e-15 0.0
37135.53 2.688261258307377e-15 0.0
37145.53 2.6058618935913892e-15 0.0
37155.53 2.7435301050003848e-15 0.0
37165.53 2.606191162233056e-15 0.0
37175.53 2.5750507040558942e-15 0.0
37185.53 2.588288510991891e-15 0.0
37195.53 2.6636781681125014e-15 0.0
37205.53 2.6678205030525367e-15 0.0
37215.53 2.654184077086587e-15 0.0
37225.53 2.636270002925772e-15 0.0
37235.53 2.601726057230401e-15 0.0
37245.53 2.7254521406659258e-15 0.0
37255.53 2.6744698905973096e-15 0.0
37265.53 2.6459979492225507e-15 0.0
