reference_uv_spectra/lya_masked/M5.5-2800-proxcen-muscles.spec
# %ECSV 0.9
# ---
# datatype:
# - {name: w, datatype: float64}
# - {name: f, datatype: float64}
# - {name: e, datatype: float64}
# meta: !!omap
# - {distance: 10}
# - {w0: 1170.0}
# - {filename: M5.5-2800-proxcen-muscles.spec}
# schema: astropy-2.0
w f e
[from data line 1266]
1672.4399999999966 1e-20 3.262847329788332e-17
1672.4899999999966 1e-20 3.2958071476127126e-17
1672.5399999999966 1e-20 3.651923527549549e-17
1672.5899999999965 2.2762873162794122e-17 3.7968740476162947e-17
1672.6399999999965 1e-20 4.086340248986576e-17
1672.6899999999964 1e-20 3.8585929865795157e-17
1672.7399999999964 1e-20 3.8642578656017634e-17
1672.79 4.380883691252385e-19 3.2111703780291942e-18
1682.79 5.024975007894725e-18 1.3652109980785198e-18
1692.79 5.482248503382864e-18 1.890518353149576e-18
1702.79 4.0636057856073e-18 1.3131009544139464e-18
1712.79 4.3641146971715874e-18 5.356791639488408e-19
1722.79 4.050257226089596e-18 0.0
1732.79 4.119982362337776e-18 0.0
1742.79 4.193567770053755e-18 0.0
1752.79 4.271013449222387e-18 0.0
1762.79 4.3523193998436734e-18 0.0
1772.79 4.437485621932759e-18 0.0
1782.79 4.526517248189774e-18 0.0
1792.79 4.619404516131587e-18 0.0
1802.79 4.699532275769439e-18 0.0
1806.0 4.739844351298938e-18 0.0
1806.05 4.750604250531365e-18 0.0
1806.1 4.7506042494784164e-18 0.0
1806.1499999999999 4.750604250531365e-18 0.0
1806.1999999999998 4.7506042494784164e-18 0.0
1806.2499999999998 4.750604250531365e-18 0.0
1806.2999999999997 4.750604250488158e-18 0.0
1806.3499999999997 4.750604249521623e-18 0.0
1806.3999999999996 4.750604250488158e-18 0.0
1806.4499999999996 4.750604249521623e-18 0.0
1806.4999999999995 4.750604250488158e-18 0.0
1806.5499999999995 4.750604250531365e-18 0.0
1806.5999999999995 4.7506042494784164e-18 0.0
1806.6499999999994 4.750604250531365e-18 0.0
1806.6999999999994 4.7506042494784164e-18 0.0
1806.7499999999993 4.7508415196968175e-18 0.0
1806.7999999999993 4.7606201586553364e-18 0.0
1806.8499999999992 4.760620158698634e-18 0.0
1806.8999999999992 4.7606201586553364e-18 0.0
1806.9499999999991 4.760620158698634e-18 0.0
1806.999999999999 4.7606201586553364e-18 0.0
1807.049999999999 4.760620158698634e-18 0.0
1807.099999999999 4.7606201586553364e-18 0.0
1807.149999999999 4.760620158698634e-18 0.0
1807.199999999999 4.7606201586553364e-18 0.0
1807.2499999999989 4.760620158698634e-18 0.0
1807.2999999999988 4.7606201586553364e-18 0.0
1807.3499999999988 4.760620158698634e-18 0.0
1807.3999999999987 4.7606201586553364e-18 0.0
1807.4499999999987 4.760620158698634e-18 0.0
1807.4999999999986 4.7606201586553364e-18 0.0
1807.5499999999986 4.760620158698634e-18 0.0
1807.5999999999985 4.7606201586553364e-18 0.0
1807.6499999999985 4.760620158698634e-18 0.0
1807.6999999999985 4.7606201586553364e-18 0.0
1807.7499999999984 4.760971114711215e-18 0.0
1807.7999999999984 4.770674626848432e-18 0.0
1807.8499999999983 4.770674626891821e-18 0.0
1807.8999999999983 4.770674626848432e-18 0.0
1807.9499999999982 4.770674626891821e-18 0.0
1807.9999999999982 4.77067462583869e-18 0.0
1808.0499999999981 4.770674626891821e-18 0.0
1808.099999999998 4.770674626848432e-18 0.0
1808.149999999998 4.770674626891821e-18 0.0
1808.199999999998 4.770674626848432e-18 0.0
1808.249999999998 4.770674626891821e-18 0.0
1808.299999999998 4.77067462583869e-18 0.0
1808.3499999999979 4.770674626891821e-18 0.0
1808.3999999999978 4.770674626848432e-18 0.0
1808.4499999999978 4.770674626891821e-18 0.0
1808.4999999999977 4.770674626848432e-18 0.0
1808.5499999999977 4.770674626891821e-18 0.0
1808.5999999999976 4.77067462583869e-18 0.0
1808.6499999999976 4.770674626891821e-18 0.0
1808.6999999999975 4.770674626848432e-18 0.0
1808.7499999999975 4.771140136110132e-18 0.0
1808.7999999999975 4.7807676540577036e-18 0.0
1808.8499999999974 4.780767654101185e-18 0.0
1808.8999999999974 4.7807676540577036e-18 0.0
1808.9499999999973 4.780767654101185e-18 0.0
1808.9999999999973 4.7807676540577036e-18 0.0
1809.0499999999972 4.780767654101185e-18 0.0
1809.0999999999972 4.7807676540577036e-18 0.0
1809.1499999999971 4.780767654101185e-18 0.0
1809.199999999997 4.7807676550674456e-18 0.0
1809.249999999997 4.780767654101185e-18 0.0
1809.299999999997 4.7807676540577036e-18 0.0
1809.349999999997 4.780767654101185e-18 0.0
1809.399999999997 4.7807676540577036e-18 0.0
1809.4499999999969 4.780767654101185e-18 0.0
1809.4999999999968 4.7807676540577036e-18 0.0
1809.5499999999968 4.780767654101185e-18 0.0
1809.5999999999967 4.7807676540577036e-18 0.0
1809.6499999999967 4.780767654101185e-18 0.0
1809.6999999999966 4.7807676540577036e-18 0.0
1809.7499999999966 4.781348580864341e-18 0.0
1809.7999999999965 4.790899241292894e-18 0.0
1809.8499999999965 4.790899241336467e-18 0.0
1809.8999999999965 4.790899241292894e-18 0.0
1809.9499999999964 4.790899241162175e-18 0.0
1810.0 4.800639779743443e-18 0.0
1814.92 4.82583900142806e-18 0.0
1814.97 4.842135567804234e-18 0.0
1815.02 4.842135567760195e-18 0.0
1815.07 4.842135567804234e-18 0.0
1815.12 4.842135567760195e-18 0.0
1815.1699999999998 4.842135567804234e-18 0.0
1815.2199999999998 4.842135567760195e-18 0.0
1815.2699999999998 4.842135567804234e-18 0.0
1815.3199999999997 4.842135568769937e-18 0.0
1815.3699999999997 4.842135567804234e-18 0.0
1815.4199999999996 4.842135567760195e-18 0.0
1815.4699999999996 4.842135567804234e-18 0.0
1815.5199999999995 4.842135567760195e-18 0.0
1815.5699999999995 4.842135567804234e-18 0.0
1815.6199999999994 4.842135567760195e-18 0.0
1815.6699999999994 4.842135567804234e-18 0.0
1815.7199999999993 4.842135567760195e-18 0.0
1815.7699999999993 4.847572341627239e-18 0.0
1815.8199999999993 4.852498511111926e-18 0.0
1815.8699999999992 4.852498512165801e-18 0.0
1815.9199999999992 4.852498511111926e-18 0.0
1815.9699999999991 4.852498512165801e-18 0.0
1816.019999999999 4.852498511111926e-18 0.0
1816.069999999999 4.852498512165801e-18 0.0
1816.119999999999 4.852498511111926e-18 0.0
1816.169999999999 4.852498512165801e-18 0.0
1816.219999999999 4.852498511111926e-18 0.0
1816.2699999999988 4.852498512165801e-18 0.0
1816.3199999999988 4.852498511111926e-18 0.0
1816.3699999999988 4.852498512165801e-18 0.0
1816.4199999999987 4.852498511111926e-18 0.0
1816.4699999999987 4.852498512165801e-18 0.0
1816.5199999999986 4.852498511111926e-18 0.0
1816.5699999999986 4.852498512165801e-18 0.0
1816.6199999999985 4.852498511111926e-18 0.0
1816.6699999999985 4.852498512165801e-18 0.0
1816.7199999999984 4.852498511111926e-18 0.0
1816.7699999999984 4.858072181754855e-18 0.0
1816.8199999999983 4.862900014489574e-18 0.0
1816.8699999999983 4.862900014533802e-18 0.0
1816.9199999999983 4.862900015499316e-18 0.0
1816.9699999999982 4.862900014533802e-18 0.0
1817.0199999999982 4.862900014489574e-18 0.0
1817.0699999999981 4.862900014533802e-18 0.0
1817.119999999998 4.862900015499316e-18 0.0
1817.169999999998 4.862900014533802e-18 0.0
1817.219999999998 4.862900014489574e-18 0.0
1817.269999999998 4.862900015543544e-18 0.0
1817.319999999998 4.862900014489574e-18 0.0
1817.3699999999978 4.862900014533802e-18 0.0
1817.4199999999978 4.862900015499316e-18 0.0
1817.4699999999978 4.862900014533802e-18 0.0
1817.5199999999977 4.862900014489574e-18 0.0
1817.5699999999977 4.862900015543544e-18 0.0
1817.6199999999976 4.862900014489574e-18 0.0
1817.6699999999976 4.862900014533802e-18 0.0
1817.7199999999975 4.862900015499316e-18 0.0
1817.7699999999975 4.868611445237764e-18 0.0
1817.8199999999974 4.87334007789314e-18 0.0
1817.8699999999974 4.8733400769277216e-18 0.0
1817.9199999999973 4.87334007789314e-18 0.0
1817.9699999999973 4.8733400769277216e-18 0.0
1818.0199999999973 4.87334007789314e-18 0.0
1818.0699999999972 4.8733400779374635e-18 0.0
1818.1199999999972 4.873340076883398e-18 0.0
1818.1699999999971 4.8733400779374635e-18 0.0
1818.219999999997 4.87334007789314e-18 0.0
1818.269999999997 4.8733400769277216e-18 0.0
1818.319999999997 4.87334007789314e-18 0.0
1818.369999999997 4.8733400779374635e-18 0.0
1818.419999999997 4.873340076883398e-18 0.0
1818.4699999999968 4.8733400779374635e-18 0.0
1818.5199999999968 4.873340076883398e-18 0.0
1818.5699999999968 4.8733400779374635e-18 0.0
1818.6199999999967 4.87334007789314e-18 0.0
1818.6699999999967 4.8733400769277216e-18 0.0
1818.7199999999966 4.87334007789314e-18 0.0
1818.7699999999966 4.87919013409545e-18 0.0
1818.8199999999965 4.883818699303141e-18 0.0
1818.8699999999965 4.883818700179629e-18 0.0
1818.92 4.906454887968653e-18 0.0
1828.92 4.987176329372289e-18 0.0
1838.92 5.097870902903778e-18 0.0
1848.92 5.212425747882872e-18 0.0
1858.92 5.330840864329765e-18 0.0
1868.92 5.453116252234361e-18 0.0
1878.92 5.579251911596658e-18 0.0
1888.92 5.709247842411609e-18 0.0
1898.92 5.843104044689311e-18 0.0
1908.92 5.980820518419666e-18 0.0
1918.92 6.122397263627918e-18 0.0
1928.92 6.267834280273678e-18 0.0
1938.92 6.417131568397335e-18 0.0
1948.92 6.570289127983741e-18 0.0
1958.92 6.727306959017754e-18 0.0
1968.92 6.8881850615094674e-18 0.0
1978.92 7.05292343547908e-18 0.0
1988.92 7.221522080886198e-18 0.0
1998.92 9.928140027596648e-18 3.199039138268609e-18
2008.92 1.682937625604961e-18 3.886088776873369e-18
2018.92 1.8269745210438198e-17 3.596616365480054e-18
2028.92 1.0961461125397703e-17 3.577987424585848e-18
2038.92 1.8044040789508575e-17 3.732114891279085e-18
2048.92 2.1705773744157976e-18 3.1931362075558004e-18
2058.92 5.4575096781949506e-18 2.9732509953685732e-18
2068.92 1.2740040262237204e-17 3.1908604726620636e-18
2078.92 2.2532004425050195e-18 2.821367165450444e-18
2088.92 1.1151590245230412e-17 2.7054412170990492e-18
2098.92 9.689491618268767e-18 2.5966241340665087e-18
2108.92 9.500134886239308e-18 2.5473304975757608e-18
2118.92 1.2623212803163751e-17 2.2396001342343473e-18
2128.92 7.085352364673762e-18 2.276368775553108e-18
2138.92 1.0649525181878244e-17 2.260608666877511e-18
2148.92 1.170358553089321e-17 2.661939892698119e-18
2158.92 5.015509577933946e-18 2.072934692024002e-18
2168.92 1.1733272529422004e-17 2.023862187824823e-18
2178.92 7.813060932899357e-18 1.959627501087086e-18
2188.92 8.155406780871241e-18 1.8109869039488717e-18
2198.92 1.0289686199914385e-17 1.9311762622642004e-18
2208.92 5.538895829656422e-18 1.8440566555748126e-18
2218.92 1.2925052765857503e-17 1.920952046006911e-18
2228.92 7.86768584661007e-18 1.6942387130458632e-18
2238.92 7.878743335540755e-18 1.6411162253341338e-18
2248.92 1.2099663895128279e-17 1.847098373160451e-18
2258.92 1.585509271910525e-17 1.8639177902463987e-18
2268.92 1.2555887475205532e-17 1.8187492845624638e-18
2278.92 1.0661181733825081e-17 1.6849959980522596e-18
2288.92 1.0822477372982423e-17 1.4887213303617208e-18
2298.92 8.295402832366226e-18 1.6359348996216211e-18
2308.92 9.818461842670478e-18 1.4395123949898927e-18
2318.92 1.0057493516931388e-17 1.4133398261814744e-18
2328.92 1.8170079059920338e-17 1.9453421666081873e-18
2338.92 2.574660264722335e-17 2.4635853835057877e-18
2348.92 2.9008239408114715e-17 2.6674382637384668e-18
2358.92 2.1671444361699936e-17 2.016134023505826e-18
2368.92 1.9462018655293023e-17 1.901144042488626e-18
2378.92 3.653670369821373e-17 3.693467473516868e-18
2388.92 2.815274517892826e-17 2.7414409748603907e-18
2398.92 2.5378362623765187e-17 2.385797052644008e-18
2408.92 3.161994574139672e-17 2.820811307498023e-18
2418.92 1.2337868942756416e-17 1.444115728906049e-18
2428.92 9.991741067763302e-18 1.2188506218528683e-18
2438.92 1.0256856373268695e-17 1.211264807750459e-18
2448.92 1.3758142722057314e-17 1.450628139110211e-18
2458.92 1.0876075308656312e-17 1.2886897258546424e-18
2468.92 1.3055756726072857e-17 1.382785808471137e-18
2478.92 2.4847886287131314e-17 2.6886038906966425e-18
2488.92 1.7423247433747676e-17 1.5702766413904293e-18
2498.92 1.3519387083742538e-17 1.466281800627965e-18
2508.92 1.5831778900612144e-17 1.5059645138400784e-18
2518.92 1.5054974016700826e-17 1.4229451157071183e-18
2528.92 1.448280082859441e-17 1.5039577987339519e-18
2538.92 1.824458173298861e-17 1.586877789358709e-18
2548.92 1.2404893396701614e-17 1.4046091133271416e-18
2558.92 1.4814313030181453e-17 1.3695242399456496e-18
2568.92 1.6093350302481634e-17 1.4807043620407548e-18
2578.92 1.8279609807783355e-17 1.5910208092228058e-18
2588.92 2.9722253386866464e-17 2.5233473063431964e-18
2598.92 4.9152300372712483e-17 4.940231061432017e-18
2608.92 3.689474185240281e-17 3.167221827914431e-18
2618.92 3.8281700745427954e-17 3.0072847311023712e-18
2628.92 6.587614958708553e-17 5.633307026317835e-18
2638.92 1.2340340522237571e-17 1.271401445541161e-18
2648.92 1.3760598179236003e-17 1.6475483154387061e-18
2658.92 1.1847864408843233e-17 1.1550758708844367e-18
2668.92 2.78169764280676e-17 3.242368109957412e-18
2678.92 1.229885021929374e-17 1.2110340425305612e-18
2688.92 9.357492163589199e-18 1.390361676753752e-18
2698.92 5.069222901637923e-18 1.5336881156349168e-18
2708.92 1.2632962219440583e-17 1.2441961908577115e-18
2718.92 1.4868764483769352e-17 1.4328572041026614e-18
2728.92 1.4586038191153806e-17 1.5280812301641055e-18
2738.92 2.4335827308084616e-17 1.9874558358550037e-18
2748.92 3.054466646220024e-17 2.5678974413292973e-18
2758.92 2.4242996207635002e-17 2.13231715772002e-18
2768.92 1.4417222945049974e-17 1.3755423759024026e-18
2778.92 1.3413767490375174e-17 1.2323090349012788e-18
2788.92 1.6482070575699535e-17 1.6244096292353473e-18
2794.352 8.446451787333315e-17 1.5405162816428357e-17
2794.402 5.204604217711847e-16 5.714863352571217e-16
2794.452 5.204604217711847e-16 5.714863352571524e-16
2794.5020000000004 5.20460421770175e-16 5.714863352571217e-16
2794.5520000000006 5.204604217711847e-16 5.714863352571524e-16
2794.6020000000008 5.204604217711847e-16 5.714863352571217e-16
2794.652000000001 5.204604217711847e-16 5.714863352571524e-16
2794.702000000001 5.204604217711847e-16 5.714863352571217e-16
2794.7520000000013 5.20460421770175e-16 5.714863352571524e-16
2794.8020000000015 5.204604217711847e-16 5.714863352571217e-16
2794.8520000000017 5.204604217711847e-16 5.714863352571217e-16
2794.902000000002 5.204604217711847e-16 5.714863352571524e-16
2794.952000000002 5.204604217711847e-16 5.714863352571217e-16
2795.002000000002 5.204604217711847e-16 5.714863352571524e-16
2795.0520000000024 5.20460421770175e-16 5.714863352571217e-16
2795.1020000000026 5.204604217711847e-16 5.714863352571524e-16
2795.1520000000028 5.204604217711847e-16 5.714863352571217e-16
2795.202000000003 5.204604217711847e-16 5.714863352571217e-16
2795.252000000003 5.204604217711847e-16 5.714863352571524e-16
2795.3020000000033 5.20460421770175e-16 5.714863352571217e-16
2795.3520000000035 5.204604217711847e-16 5.714863352571524e-16
2795.4020000000037 5.204604217711847e-16 5.714863352571217e-16
2795.452000000004 5.204604217711847e-16 5.714863352571524e-16
2795.502000000004 5.204604217711847e-16 5.714863352571217e-16
2795.552000000004 5.20460421770175e-16 5.714863352571524e-16
2795.6020000000044 5.204604217711847e-16 5.714863352571217e-16
2795.6520000000046 5.204604217711847e-16 5.714863352571217e-16
2795.702000000005 1.4700932420514785e-15 1.9254274351887072e-15
2795.752000000005 1.6647701550833432e-15 2.097693207436939e-15
2795.802000000005 1.6647701550823334e-15 2.0976932074369473e-15
2795.8520000000053 1.6647701550833432e-15 2.0976932074369473e-15
2795.9020000000055 1.6647701550823334e-15 2.0976932074369473e-15
2795.9520000000057 1.6647701550833432e-15 2.0976932074369473e-15
2796.002000000006 1.6647701550833432e-15 2.0976932074369473e-15
2796.052000000006 1.6647701550823334e-15 2.0976932074369473e-15
2796.1020000000062 1.6647701550833432e-15 2.0976932074369473e-15
2796.1520000000064 1.6647701550823334e-15 2.0976932074369473e-15
2796.2020000000066 1.6647701550833432e-15 2.0976932074369473e-15
2796.252000000007 1.6647701550833432e-15 2.0976932074369473e-15
2796.302000000007 1.6647701550823334e-15 2.097693207436939e-15
2796.352000000007 1.6647701550833432e-15 2.0976932074369473e-15
2796.4020000000073 1.6647701550823334e-15 2.0976932074369473e-15
2796.4520000000075 1.6647701550833432e-15 2.0976932074369473e-15
2796.5020000000077 1.6647701550823334e-15 2.0976932074369473e-15
2796.552000000008 1.6647701550833432e-15 2.097693207436939e-15
2796.602000000008 1.6647701550833432e-15 2.097693207436964e-15
2796.6520000000082 1.6647701550823334e-15 2.0976932074369308e-15
2796.7020000000084 1.6647701550833432e-15 2.0976932074369473e-15
