reference_uv_spectra/lya_masked/M5.5-2800-proxcen-muscles.spec
# %ECSV 0.9
# ---
# datatype:
# - {name: w, datatype: float64}
# - {name: f, datatype: float64}
# - {name: e, datatype: float64}
# meta: !!omap
# - {distance: 10}
# - {w0: 1170.0}
# - {filename: M5.5-2800-proxcen-muscles.spec}
# schema: astropy-2.0
w f e
[from data line 726]
1334.681999999998 2.593560629311036e-16 1.6251700663549344e-17
1334.731999999998 1.2147783224834627e-16 1.3336048405613223e-17
1334.7819999999979 9.930713329158462e-17 1.1692010604364579e-17
1334.8319999999978 7.206132646031325e-17 1.019864466895941e-17
1334.8819999999978 5.2069473206856913e-17 9.02820991451638e-18
1334.9319999999977 3.275512302872014e-17 8.94894840840435e-18
1334.9819999999977 1.885408713202991e-17 7.837262361558958e-18
1335.0319999999977 2.855421815449826e-17 8.284531720740382e-18
1335.0819999999976 1.8623106959586322e-17 7.534501284321629e-18
1335.1319999999976 6.532395472249454e-18 1.2271303026952225e-17
1335.1819999999975 1.3323504174492357e-17 9.171448166272174e-18
1335.2319999999975 1.7818694576357643e-17 7.987138572997538e-18
1335.2819999999974 2.953592924599477e-17 8.578688516073015e-18
1335.3319999999974 4.7754110067357245e-17 9.478222248474107e-18
1335.3819999999973 2.9473566685975886e-17 1.1458119683768534e-17
1335.4319999999973 6.405727970472571e-17 1.4249287681365793e-17
1335.4819999999972 7.95790909794471e-17 1.1242142033934309e-17
1335.5319999999972 1.392523909925825e-16 1.505844427611388e-17
1335.5819999999972 3.963956562439704e-16 2.0559768442306665e-17
1335.631999999997 1.308104601665428e-15 3.565570185087867e-17
1335.681999999997 2.3597240371891743e-15 4.714321804014597e-17
1335.731999999997 2.500978626491388e-15 4.8491685761476405e-17
1335.781999999997 1.2050672843054156e-15 3.430811785315777e-17
1335.831999999997 5.034627630819547e-16 2.3291499500759355e-17
1335.8819999999969 2.547250999659761e-16 1.7356905449629256e-17
1335.9319999999968 1.668403132152947e-16 1.451232288772718e-17
1335.9819999999968 1.1899494469316156e-16 1.2653249157649998e-17
1336.0319999999967 7.135592829598952e-17 1.0726661088433405e-17
1336.0819999999967 3.4998624413265673e-17 8.580432536040783e-18
1336.1319999999967 3.7155949628467774e-17 9.194895401017405e-18
1336.1819999999966 6.709404117031756e-18 7.090420152653444e-18
1336.2319999999966 2.554470829696026e-17 7.816300214147883e-18
1336.2819999999965 1.926221460910046e-17 7.344879044932847e-18
1336.3319999999965 1.463879381271169e-18 7.268374137200796e-18
1336.3819999999964 4.2425149811881665e-18 6.581937387762899e-18
1336.4319999999964 1.4390430345787102e-17 6.775195986372746e-18
1336.4819999999963 3.198225891878505e-18 6.675205618814952e-18
1336.5319999999963 1e-20 6.043953837418787e-18
1336.5819999999962 7.249004926682585e-18 6.3420674784025615e-18
1336.6319999999962 1e-20 8.310591564189542e-18
1336.6819999999962 1e-20 7.074596368046842e-18
1336.731999999996 3.5446553029798004e-19 7.151054885833448e-18
1336.781999999996 8.984542979262606e-18 6.432957643321693e-18
1336.831999999996 1e-20 1.0535785346253662e-17
1336.881999999996 1.1431190588493666e-17 7.08373969525207e-18
1336.931999999996 3.061310888254615e-18 6.3270764761986805e-18
1336.9819999999959 1.1532258953906396e-17 7.238969642903224e-18
1337.0319999999958 5.812503489016314e-18 7.34790339762902e-18
1337.0819999999958 1.7941408453829868e-17 7.541935361225178e-18
1337.1319999999957 1e-20 6.023331079707401e-18
1337.1819999999957 1e-20 6.702644654984347e-18
1337.2319999999957 5.5543669689824254e-18 6.479832322351729e-18
1337.2819999999956 1e-20 5.725412529327253e-18
1337.3319999999956 1e-20 4.754705120459562e-18
1337.3819999999955 6.366188161278581e-18 6.047356311602122e-18
1337.4319999999955 1e-20 4.441274685810582e-18
1337.4819999999954 1.5953519959115995e-18 4.085014666518386e-18
1337.5319999999954 1e-20 3.901471004603308e-18
1337.5819999999953 1e-20 4.423621390238525e-18
1337.6319999999953 7.194214253050355e-19 4.9822169503667775e-18
1337.6819999999952 1e-20 6.134609694282124e-18
1337.708 2.4227763173008138e-18 8.164749125806606e-19
1347.708 2.59158337393768e-18 4.87213755917671e-19
1357.708 7.754165171226734e-18 5.441358221316319e-19
1367.708 5.591004262968336e-18 5.993149894973695e-19
1377.708 2.2320717841078412e-18 5.8291399266272585e-19
1387.708 3.141805585570234e-18 4.925072949926024e-19
1391.76 5.7575827370228895e-18 1.8527766676454915e-18
1391.81 1e-20 1.2024689591003251e-17
1391.86 3.581324939480492e-18 1.1501799604436874e-17
1391.9099999999999 1e-20 1.1139845885442694e-17
1391.9599999999998 3.5170412808621214e-17 1.1661422929413239e-17
1392.0099999999998 3.109811108830705e-18 1.1636249869514502e-17
1392.0599999999997 2.3794552138336842e-17 1.1536640241439972e-17
1392.1099999999997 1.4072899290011973e-19 1.1063635951938703e-17
1392.1599999999996 1e-20 1.2555603536221778e-17
1392.2099999999996 1.2064588963102978e-17 1.1890760925812993e-17
1392.2599999999995 1e-20 1.0543693179459809e-17
1392.3099999999995 8.787536596877642e-19 1.1448688848535973e-17
1392.3599999999994 6.912086309516418e-18 1.1075741598093344e-17
1392.4099999999994 1.6567736581785509e-18 1.035326987840653e-17
1392.4599999999994 9.643748855927433e-19 1.0468199088065888e-17
1392.5099999999993 1e-20 1.3420801506347308e-17
1392.5599999999993 1.2574547764705119e-17 1.1084556988827525e-17
1392.6099999999992 9.251173805089467e-18 1.0886820838701682e-17
1392.6599999999992 1.2383429429007803e-17 1.0607789723780821e-17
1392.7099999999991 1e-20 9.496824910060576e-18
1392.759999999999 1e-20 1.1214852655698603e-17
1392.809999999999 1e-20 1.0377337289164282e-17
1392.859999999999 1.3811112470126577e-17 1.0225237121598905e-17
1392.909999999999 5.898824615478833e-18 9.975100889288636e-18
1392.959999999999 1.8951920960906512e-17 1.014937612446925e-17
1393.0099999999989 5.232116281427823e-18 9.574782090192691e-18
1393.0599999999988 8.259743332123237e-18 9.340286013897876e-18
1393.1099999999988 3.832527692715666e-18 9.17140753188757e-18
1393.1599999999987 1.8437905607932873e-17 1.0090671202688388e-17
1393.2099999999987 9.447344897624211e-18 1.0528268550690943e-17
1393.2599999999986 2.5021593551332222e-17 1.0312317403050155e-17
1393.3099999999986 2.2402319961844233e-17 1.0321136375255756e-17
1393.3599999999985 3.77774925268204e-17 1.0824117749276884e-17
1393.4099999999985 3.0743924235685725e-17 1.2008915883878725e-17
1393.4599999999984 8.212520881099628e-17 1.2508345731692817e-17
1393.5099999999984 7.662126558097272e-17 1.2958914145124838e-17
1393.5599999999984 1.245106865008736e-16 1.4367518433724573e-17
1393.6099999999983 1.7809769521447907e-16 1.605454075290699e-17
1393.6599999999983 3.887126208737118e-16 2.1585230784094573e-17
1393.7099999999982 1.0132239856116186e-15 3.1870846505551936e-17
1393.7599999999982 1.9315157938835613e-15 4.3060518631720676e-17
1393.8099999999981 1.3056924923104056e-15 3.5786575704562975e-17
1393.859999999998 5.792248400902667e-16 2.439806856284016e-17
1393.909999999998 3.064770359658407e-16 1.8984146035405704e-17
1393.959999999998 2.0369598486021278e-16 1.6373708182961123e-17
1394.009999999998 1.0473562938021978e-16 1.2986208163089025e-17
1394.059999999998 7.84491277282228e-17 1.2267342829757285e-17
1394.1099999999979 4.3494143859856004e-17 1.0475724554501568e-17
1394.1599999999978 6.858766789765313e-17 1.2679355026440518e-17
1394.2099999999978 4.1967806956387015e-17 9.920073163595242e-18
1394.2599999999977 2.2053175553768027e-17 9.80259832937328e-18
1394.3099999999977 1.8609125534233984e-17 1.015169897800013e-17
1394.3599999999976 4.354360661838781e-18 7.977714192161689e-18
1394.4099999999976 7.580268738527006e-18 9.348685410325695e-18
1394.4599999999975 1e-20 8.325499595391218e-18
1394.5099999999975 7.894461840701093e-18 8.674560169109141e-18
1394.5599999999974 1e-20 7.847588729450494e-18
1394.6099999999974 6.6977278184702424e-18 8.008212515677897e-18
1394.6599999999974 6.140327250364629e-18 8.257230555632583e-18
1394.7099999999973 1e-20 7.390026889645826e-18
1394.7599999999973 7.486225536739548e-18 7.861419764837728e-18
1394.8099999999972 1e-20 8.110744413415171e-18
1394.8599999999972 3.421865210021358e-18 7.95193002143006e-18
1394.9099999999971 2.0789039398679302e-19 7.87184298049519e-18
1394.959999999997 1e-20 7.783138804830645e-18
1395.009999999997 1e-20 7.580280243799839e-18
1395.059999999997 9.920204359943143e-18 7.961275671098302e-18
1395.109999999997 2.4016260181352834e-17 8.477410524681274e-18
1395.159999999997 6.677120640121398e-18 7.727352032457622e-18
1395.2099999999969 3.858483285458617e-18 7.09205535444266e-18
1395.2599999999968 2.128000863866627e-17 8.401920416573584e-18
1395.3099999999968 1.1852601123085673e-18 8.081225819199844e-18
1395.3599999999967 4.883321987083241e-18 7.389344609435757e-18
1395.4099999999967 1.3869527570050142e-17 8.942810970194102e-18
1395.4599999999966 5.531288665636935e-17 1.0220811428425508e-17
1395.5099999999966 1.4397197145528698e-17 8.119314988518393e-18
1395.5599999999965 3.587487240163848e-18 7.360932141735551e-18
1395.6099999999965 9.067337864715049e-18 7.26477375369126e-18
1395.6599999999964 1e-20 1.0632714660701037e-17
1395.7099999999964 8.981514671925005e-18 8.491509561742597e-18
1395.76 3.830807796882308e-18 1.007884982053873e-18
1400.77 9.691146064870262e-18 1.0128434211243498e-18
1400.82 8.190470303116136e-18 6.05794787368165e-18
1400.87 6.305358118942123e-18 6.75524736459149e-18
1400.9199999999998 1.548613017733178e-18 6.702769500556905e-18
1400.9699999999998 1.5239614238159624e-17 7.782347759818212e-18
1401.0199999999998 2.5279425231278527e-17 8.234512400040197e-18
1401.0699999999997 3.5146928137939864e-17 1.0526362802991749e-17
1401.1199999999997 1.1076330686513047e-16 1.2539927014881588e-17
1401.1699999999996 1.6638780317615758e-16 1.2442418453950887e-17
1401.2199999999996 9.648560674703786e-17 9.936871832176156e-18
1401.2699999999995 1.7824287757028454e-17 6.992260378964681e-18
1401.3199999999995 1.1602585565953434e-17 6.245814680405889e-18
1401.3699999999994 3.6157334981406616e-18 4.615341943615058e-18
1401.4199999999994 3.36184300366046e-18 4.5583876745152964e-18
1401.4699999999993 5.9346783522038035e-18 5.427576706806145e-18
1401.5199999999993 1.433592106596825e-18 4.954923887265282e-18
1401.5699999999993 5.185008115321933e-19 4.465431123045977e-18
1401.6199999999992 1e-20 5.015330593419946e-18
1401.6699999999992 1.0032290763956622e-17 5.331818973487806e-18
1401.7199999999991 1.9641545372560145e-18 4.1122680074242276e-18
1401.769999999999 1.3269510419440746e-18 4.312896957583383e-18
1401.819999999999 3.63053618200198e-18 4.972255766642843e-18
1401.869999999999 2.9522583235101164e-18 4.5081186872025855e-18
1401.919999999999 1e-20 2.550045779224183e-18
1401.969999999999 1e-20 2.6314387126003595e-18
1402.0199999999988 1e-20 3.8179084405763006e-18
1402.0699999999988 1e-20 4.85980549725906e-18
1402.1199999999988 9.439596944702985e-18 5.347864218507994e-18
1402.1699999999987 6.17403438266225e-18 4.490414482775539e-18
1402.2199999999987 1.160493993584012e-18 4.604666376758626e-18
1402.2699999999986 3.4290359258312817e-18 4.697218953942503e-18
1402.3199999999986 3.936278773921501e-19 4.740604363058405e-18
1402.3699999999985 8.046728730871417e-18 5.205484430144495e-18
1402.4199999999985 5.785744683905444e-18 4.641619551595417e-18
1402.4699999999984 1.5367290939965528e-17 5.960773177313255e-18
1402.5199999999984 1.4777239676050816e-17 6.978953894617867e-18
1402.5699999999983 3.934130834837275e-17 8.235804375278101e-18
1402.6199999999983 1.141340019069772e-16 1.147254153965297e-17
1402.6699999999983 2.2124347519659236e-16 1.473017550119456e-17
1402.7199999999982 4.619653944241115e-16 1.9971710939360875e-17
1402.7699999999982 9.835055718123903e-16 2.8374152764850056e-17
1402.8199999999981 7.252921737243088e-16 2.445848474029332e-17
1402.869999999998 2.980981342302607e-16 1.6431910416410892e-17
1402.919999999998 1.6317952567513986e-16 1.300040534042453e-17
1402.969999999998 7.228070823412231e-17 1.0049254150960486e-17
1403.019999999998 6.07063138282465e-17 9.379023664221268e-18
1403.069999999998 2.502470605443899e-17 1.5014196003811107e-17
1403.1199999999978 1.914400767044421e-17 1.5682437562262137e-17
1403.1699999999978 3.588076889651256e-17 1.6723804717252144e-17
1403.2199999999978 1e-20 1.7641932580123667e-17
1403.2699999999977 2.67429888013725e-17 1.4328471149324127e-17
1403.3199999999977 1e-20 1.2078911956638207e-17
1403.3699999999976 1.40085457409938e-17 1.3754732151412555e-17
1403.4199999999976 3.047414100684819e-17 1.5198695965103605e-17
1403.4699999999975 4.8104308534732945e-17 1.886028808128292e-17
1403.5199999999975 1.523833636037215e-17 1.3584155282366637e-17
1403.5699999999974 1e-20 1.2659366349055989e-17
1403.6199999999974 1.050313712090345e-17 1.3128663733031035e-17
1403.6699999999973 1e-20 1.2703169606184173e-17
1403.7199999999973 9.671965317461673e-19 1.3484864965018146e-17
1403.7699999999973 1e-20 1.375707210780212e-17
1403.8199999999972 1e-20 1.2926043883672074e-17
1403.8699999999972 1.1794858953447955e-17 1.2527372690318299e-17
1403.9199999999971 7.598486107195756e-18 1.2074452887537314e-17
1403.969999999997 1e-20 1.2802251515511826e-17
1404.019999999997 4.770017780660017e-18 1.2706795861173016e-17
1404.069999999997 1e-20 1.291378542229886e-17
1404.119999999997 9.246065851799964e-18 1.2916199503566343e-17
1404.169999999997 1e-20 1.1711849231670617e-17
1404.2199999999968 1e-20 1.2769507899232449e-17
1404.2699999999968 1.2791403552415496e-17 1.2091392288532305e-17
1404.3199999999968 1.0797388121309145e-18 1.2131411879547263e-17
1404.3699999999967 3.4679503772352718e-18 1.2850710845130383e-17
1404.4199999999967 1.509897658463493e-17 1.285162775625987e-17
1404.4699999999966 1.8856759104132773e-17 1.3020280148558519e-17
1404.5199999999966 4.249816777326075e-17 1.497816674905051e-17
1404.5699999999965 4.292859591708035e-17 1.3131964760362545e-17
1404.6199999999965 1e-20 1.1698386976240735e-17
1404.6699999999964 2.723691336402801e-18 1.2714278544743567e-17
1404.7199999999964 1.405735273798684e-17 1.2584817577653083e-17
1404.77 6.42417684661121e-18 9.683135896994482e-19
1414.77 4.671652490965722e-18 6.360476526120411e-19
1424.77 2.591811772227199e-18 5.253463217357006e-19
1434.77 5.581281423564338e-18 7.419508289714627e-19
1444.77 4.788152854441123e-18 7.75808291964934e-19
1454.77 5.735567650129282e-18 6.458277806555903e-19
1464.77 6.489815344853253e-18 8.256872740661495e-19
1474.77 6.816124085522904e-18 8.142663408981832e-19
1484.77 7.77546764821017e-18 7.639282145368633e-19
1494.77 5.766620941877113e-18 7.645471626408094e-19
1504.77 6.722610462951307e-18 9.149121095128426e-19
1514.77 7.182071188561928e-18 8.483418225406599e-19
1524.77 6.512444392448257e-18 9.205362830802585e-19
1534.77 7.205822647703254e-18 1.0990196538152619e-18
1544.77 9.28767621463488e-18 1.2074432389203616e-18
1546.202 9.15920075906822e-18 3.132508173296438e-18
1546.252 3.2943512109353633e-18 1.0120916008918872e-17
1546.302 1.3514696244697898e-18 1.1040768024103734e-17
1546.3519999999999 1.3490873129913534e-18 1.1049969957645109e-17
1546.4019999999998 1e-20 9.469049003907036e-18
1546.4519999999998 1e-20 1.10628322030569e-17
1546.5019999999997 1e-20 1.202111486691006e-17
1546.5519999999997 9.779803638102533e-19 1.1854542195839897e-17
1546.6019999999996 8.07769889612509e-18 1.2722920971716123e-17
1546.6519999999996 1.41051251632238e-17 1.2396184867292201e-17
1546.7019999999995 1.8390309565814117e-17 1.2236488318426033e-17
1546.7519999999995 4.069516067102756e-18 1.0944282523680487e-17
1546.8019999999995 1e-20 1.1353643459713797e-17
1546.8519999999994 1.295439629224621e-17 1.201662849086484e-17
1546.9019999999994 5.5948786160806356e-18 1.1225667049470058e-17
1546.9519999999993 4.3975024181080184e-18 1.255762966943403e-17
1547.0019999999993 8.326293074950852e-18 1.374780379502364e-17
1547.0519999999992 1.5808852994791348e-17 1.2426677454427194e-17
1547.1019999999992 6.345164527982505e-19 1.1073974530175277e-17
1547.1519999999991 2.3788642125504477e-17 1.3749451371682069e-17
1547.201999999999 2.860709937586028e-18 1.1545846871588559e-17
1547.251999999999 1.8642570572915948e-17 1.2195853472458037e-17
1547.301999999999 3.2984167169392114e-17 1.3965978271824806e-17
1547.351999999999 7.632114204250706e-17 1.5438203203055384e-17
1547.401999999999 1.683491693660243e-17 1.2341354459682279e-17
