reference_uv_spectra/lya_masked/M5.5-2800-proxcen-muscles.spec
# %ECSV 0.9
# ---
# datatype:
# - {name: w, datatype: float64}
# - {name: f, datatype: float64}
# - {name: e, datatype: float64}
# meta: !!omap
# - {distance: 10}
# - {w0: 1170.0}
# - {filename: M5.5-2800-proxcen-muscles.spec}
# schema: astropy-2.0
w f e
[from data line 5605]
41785.53 1.6764502198394232e-15 0.0
41795.53 1.7717440584425424e-15 0.0
41805.53 1.792539841694582e-15 0.0
41815.53 1.7659604150323712e-15 0.0
41825.53 1.6887374521153747e-15 0.0
41835.53 1.7242780808829829e-15 0.0
41845.53 1.6585221426378718e-15 0.0
41855.53 1.5475932303244192e-15 0.0
41865.53 1.6599714728482716e-15 0.0
41875.53 1.7020464243669797e-15 0.0
41885.53 1.681591976264132e-15 0.0
41895.53 1.801956434375702e-15 0.0
41905.53 1.6082833806294131e-15 0.0
41915.53 1.801293000214162e-15 0.0
41925.53 1.7893773606614457e-15 0.0
41935.53 1.6041022882451747e-15 0.0
41945.53 1.7096500245431512e-15 0.0
41955.53 1.8081145514654445e-15 0.0
41965.53 1.7344142729687026e-15 0.0
41975.53 1.713580991148294e-15 0.0
41985.53 1.7148049670229855e-15 0.0
41995.53 1.5842862880003155e-15 0.0
42005.53 1.7586217918256735e-15 0.0
42015.53 1.7646200811498368e-15 0.0
42025.53 1.7090591221478929e-15 0.0
42035.53 1.7014958669512965e-15 0.0
42045.53 1.6254470431456248e-15 0.0
42055.53 1.6077011343070339e-15 0.0
42065.53 1.7256397790623012e-15 0.0
42075.53 1.6550062939761606e-15 0.0
42085.53 1.7547214397230084e-15 0.0
42095.53 1.6480788568752892e-15 0.0
42105.53 1.6022375311393842e-15 0.0
42115.53 1.7268126328176722e-15 0.0
42125.53 1.6432350449618611e-15 0.0
42135.53 1.6115948646014209e-15 0.0
42145.53 1.5198233795463112e-15 0.0
42155.53 1.6076834689344746e-15 0.0
42165.53 1.6619607950514873e-15 0.0
42175.53 1.6428700679257676e-15 0.0
42185.53 1.6393808314841596e-15 0.0
42195.53 1.6828661397405073e-15 0.0
42205.53 1.590335354943754e-15 0.0
42215.53 1.5875084503628018e-15 0.0
42225.53 1.615872274619968e-15 0.0
42235.53 1.6494407115571792e-15 0.0
42245.53 1.6711086681741123e-15 0.0
42255.53 1.7548151078254368e-15 0.0
42265.53 1.7195637463617658e-15 0.0
42275.53 1.6364791589161784e-15 0.0
42285.53 1.6134289027628414e-15 0.0
42295.53 1.6230670105862928e-15 0.0
42305.53 1.6222399689711018e-15 0.0
42315.53 1.731177367507665e-15 0.0
42325.53 1.6750071863966797e-15 0.0
42335.53 1.6415539844869117e-15 0.0
42345.53 1.6530605557643242e-15 0.0
42355.53 1.7137070299920575e-15 0.0
42365.53 1.7639080287653702e-15 0.0
42375.53 1.6206718358758023e-15 0.0
42385.53 1.6689602896753157e-15 0.0
42395.53 1.654398604653474e-15 0.0
42405.53 1.5505238298637104e-15 0.0
42415.53 1.636215710566137e-15 0.0
42425.53 1.6086470276728193e-15 0.0
42435.53 1.533159492927643e-15 0.0
42445.53 1.6024554710933707e-15 0.0
42455.53 1.6191522208215175e-15 0.0
42465.53 1.6083590543171744e-15 0.0
42475.53 1.5915078678283343e-15 0.0
42485.53 1.6096342613232516e-15 0.0
42495.53 1.607965345193523e-15 0.0
42505.53 1.5871863259766884e-15 0.0
42515.53 1.4823903061386927e-15 0.0
42525.53 1.513781704785135e-15 0.0
42535.53 1.558197969841511e-15 0.0
42545.53 1.5588937193129452e-15 0.0
42555.53 1.6563537614436181e-15 0.0
42565.53 1.5811700775067712e-15 0.0
42575.53 1.5900427679985826e-15 0.0
42585.53 1.5120000152864471e-15 0.0
42595.53 1.547529652343659e-15 0.0
42605.53 1.5871888890061562e-15 0.0
42615.53 1.5954508730029773e-15 0.0
42625.53 1.5846727456761464e-15 0.0
42635.53 1.594792317904242e-15 0.0
42645.53 1.5583939915255177e-15 0.0
42655.53 1.6079430182446217e-15 0.0
42665.53 1.56813326627792e-15 0.0
42675.53 1.6047819006739687e-15 0.0
42685.53 1.4973625806933629e-15 0.0
42695.53 1.6042245143239817e-15 0.0
42705.53 1.5843674879369927e-15 0.0
42715.53 1.5938502479016647e-15 0.0
42725.53 1.5907633389888503e-15 0.0
42735.53 1.475532372113309e-15 0.0
42745.53 1.650103485856065e-15 0.0
42755.53 1.492897244990035e-15 0.0
42765.53 1.531608414590514e-15 0.0
42775.53 1.5591367117656116e-15 0.0
42785.53 1.6710113240396826e-15 0.0
42795.53 1.5868593282663358e-15 0.0
42805.53 1.6169579611267037e-15 0.0
42815.53 1.4948866801757826e-15 0.0
42825.53 1.621138064275308e-15 0.0
42835.53 1.5029077627498078e-15 0.0
42845.53 1.5163490315699078e-15 0.0
42855.53 1.6719748130777209e-15 0.0
42865.53 1.6382272202969617e-15 0.0
42875.53 1.4758295534057183e-15 0.0
42885.53 1.6229011495100823e-15 0.0
42895.53 1.5619205204537848e-15 0.0
42905.53 1.5532122772934593e-15 0.0
42915.53 1.6745486547886967e-15 0.0
42925.53 1.5118482681035155e-15 0.0
42935.53 1.4557947445638318e-15 0.0
42945.53 1.4949882990555408e-15 0.0
42955.53 1.3921445740454877e-15 0.0
42965.53 1.3972161696103459e-15 0.0
42975.53 1.430378280748215e-15 0.0
42985.53 1.461194945888493e-15 0.0
42995.53 1.5506975885295374e-15 0.0
43005.53 1.5152183249311533e-15 0.0
43015.53 1.4609684952386198e-15 0.0
43025.53 1.4994454758628967e-15 0.0
43035.53 1.3484335229266979e-15 0.0
43045.53 1.4528992653969496e-15 0.0
43055.53 1.506655315444103e-15 0.0
43065.53 1.4122663229922132e-15 0.0
43075.53 1.4696433426360747e-15 0.0
43085.53 1.4737777170690678e-15 0.0
43095.53 1.4503508802830623e-15 0.0
43105.53 1.4041820258075312e-15 0.0
43115.53 1.5323422377896768e-15 0.0
43125.53 1.4537935073408801e-15 0.0
43135.53 1.5504796140614397e-15 0.0
43145.53 1.4311152432115397e-15 0.0
43155.53 1.5201507417331212e-15 0.0
43165.53 1.4563626925730148e-15 0.0
43175.53 1.3365213491263312e-15 0.0
43185.53 1.5282776627489464e-15 0.0
43195.53 1.3801894108104869e-15 0.0
43205.53 1.4128095871874551e-15 0.0
43215.53 1.5620035528229935e-15 0.0
43225.53 1.4290416913468776e-15 0.0
43235.53 1.6157246233355766e-15 0.0
43245.53 1.2706521818701599e-15 0.0
43255.53 1.5513830146214908e-15 0.0
43265.53 1.3838202131031365e-15 0.0
43275.53 1.5392095204138882e-15 0.0
43285.53 1.4220209452226816e-15 0.0
43295.53 1.4639725380765482e-15 0.0
43305.53 1.4970903238107156e-15 0.0
43315.53 1.3654014676237007e-15 0.0
43325.53 1.519646120975915e-15 0.0
43335.53 1.361097994426182e-15 0.0
43345.53 1.445878349059663e-15 0.0
43355.53 1.562355059801838e-15 0.0
43365.53 1.2805799568980155e-15 0.0
43375.53 1.4618982600507059e-15 0.0
43385.53 1.4755804003806831e-15 0.0
43395.53 1.3191564657340715e-15 0.0
43405.53 1.4384272511272263e-15 0.0
43415.53 1.5095005279928735e-15 0.0
43425.53 1.3620851715594988e-15 0.0
43435.53 1.4046648018931523e-15 0.0
43445.53 1.4016782456430337e-15 0.0
43455.53 1.379408172150367e-15 0.0
43465.53 1.3908229777373624e-15 0.0
43475.53 1.39467165165888e-15 0.0
43485.53 1.3691610460041582e-15 0.0
43495.53 1.5251167161668657e-15 0.0
43505.53 1.3823238875568124e-15 0.0
43515.53 1.2528325954857224e-15 0.0
43525.53 1.3671494532037206e-15 0.0
43535.53 1.3914707420375322e-15 0.0
43545.53 1.2338946942691712e-15 0.0
43555.53 1.4774476709368035e-15 0.0
43565.53 1.4387636699594666e-15 0.0
43575.53 1.2170493151672575e-15 0.0
43585.53 1.4580882733767774e-15 0.0
43595.53 1.3950742371439473e-15 0.0
43605.53 1.2809822761136438e-15 0.0
43615.53 1.4623572632033368e-15 0.0
43625.53 1.4376155636695848e-15 0.0
43635.53 1.3728111618267375e-15 0.0
43645.53 1.2620194283188901e-15 0.0
43655.53 1.3937704403357176e-15 0.0
43665.53 1.4950782670343326e-15 0.0
43675.53 1.14471568297188e-15 0.0
43685.53 1.3596622517223382e-15 0.0
43695.53 1.4760016883366823e-15 0.0
43705.53 1.3819958747097326e-15 0.0
43715.53 1.2758960047930759e-15 0.0
43725.53 1.3466825925836973e-15 0.0
43735.53 1.4435159858640368e-15 0.0
43745.53 1.1824204860689222e-15 0.0
43755.53 1.3892612214808026e-15 0.0
43765.53 1.3218185516311416e-15 0.0
43775.53 1.4070795240292306e-15 0.0
43785.53 1.1881570167145418e-15 0.0
43795.53 1.4063117538030178e-15 0.0
43805.53 1.44598081832245e-15 0.0
43815.53 1.3617612383258412e-15 0.0
43825.53 1.1241611321182792e-15 0.0
43835.53 1.3385085181577329e-15 0.0
43845.53 1.3832270532285887e-15 0.0
43855.53 1.3682787776546907e-15 0.0
43865.53 1.1830849967646704e-15 0.0
43875.53 1.4073730838628796e-15 0.0
43885.53 1.3270125368290933e-15 0.0
43895.53 1.5430780680527258e-15 0.0
43905.53 1.1778422634247369e-15 0.0
43915.53 1.3357877156617215e-15 0.0
43925.53 1.4426043850386433e-15 0.0
43935.53 1.3278637275686774e-15 0.0
43945.53 1.1525657830326307e-15 0.0
43955.53 1.484808452833526e-15 0.0
43965.53 1.2558432084331405e-15 0.0
43975.53 1.3769971124184894e-15 0.0
43985.53 1.1748698060752483e-15 0.0
43995.53 1.2141735200348413e-15 0.0
44005.53 1.4092687608145312e-15 0.0
44015.53 1.3879484508589408e-15 0.0
44025.53 1.087576605894744e-15 0.0
44035.53 1.3522379029704345e-15 0.0
44045.53 1.362691759108629e-15 0.0
44055.53 1.2162563974096522e-15 0.0
44065.53 1.4431161565034113e-15 0.0
44075.53 1.087580424191471e-15 0.0
44085.53 1.2864659413269596e-15 0.0
44095.53 1.3613671393829865e-15 0.0
44105.53 1.3372440053148463e-15 0.0
44115.53 1.1438781743166154e-15 0.0
44125.53 1.2687614055500473e-15 0.0
44135.53 1.414599561137792e-15 0.0
44145.53 1.3569291053031035e-15 0.0
44155.53 1.2146627600303015e-15 0.0
44165.53 1.1052006233421435e-15 0.0
44175.53 1.4358154863594702e-15 0.0
44185.53 1.180258664210131e-15 0.0
44195.53 1.3647893696351443e-15 0.0
44205.53 1.2024763382718547e-15 0.0
44215.53 1.2155919703625436e-15 0.0
44225.53 1.1779595589901052e-15 0.0
44235.53 1.3656953110148638e-15 0.0
44245.53 1.3025101779730782e-15 0.0
44255.53 1.0342954847809332e-15 0.0
44265.53 1.2608698576608301e-15 0.0
44275.53 1.3737238607654133e-15 0.0
44285.53 1.3631763385720626e-15 0.0
44295.53 1.151770382699212e-15 0.0
44305.53 1.0654683799048981e-15 0.0
44315.53 1.360155058644677e-15 0.0
44325.53 1.2971388218425837e-15 0.0
44335.53 1.2278714056340411e-15 0.0
44345.53 1.2169094775136504e-15 0.0
44355.53 1.077695221688881e-15 0.0
44365.53 1.2540912036445628e-15 0.0
44375.53 1.206761512817677e-15 0.0
44385.53 1.3014466497737964e-15 0.0
44395.53 1.2283613901437514e-15 0.0
44405.53 1.0322285274275892e-15 0.0
44415.53 1.1458036171454748e-15 0.0
44425.53 1.3506074072811885e-15 0.0
44435.53 1.4020159906319117e-15 0.0
44445.53 1.2013570243192986e-15 0.0
44455.53 1.0168972812404508e-15 0.0
44465.53 1.3214629237212035e-15 0.0
44475.53 1.3510658309524411e-15 0.0
44485.53 1.396771875052495e-15 0.0
44495.53 1.1136696958310278e-15 0.0
44505.53 1.044122827106029e-15 0.0
44515.53 1.3621136270171803e-15 0.0
44525.53 1.2566944587400683e-15 0.0
44535.53 1.1257678153973401e-15 0.0
44545.53 1.3936941970410468e-15 0.0
44555.53 1.0179927300603975e-15 0.0
44565.53 1.2528198041611852e-15 0.0
44575.53 1.1806537155894226e-15 0.0
44585.53 1.2475221006577217e-15 0.0
44595.53 1.2718469860521571e-15 0.0
44605.53 1.3270625452737961e-15 0.0
44615.53 1.0438663622696682e-15 0.0
44625.53 1.1851634877971482e-15 0.0
44635.53 1.385004789558751e-15 0.0
44645.53 1.2261306846643534e-15 0.0
44655.53 1.2983176167813453e-15 0.0
44665.53 9.918653607152142e-16 0.0
44675.53 1.1525724143741656e-15 0.0
44685.53 1.226553525682972e-15 0.0
44695.53 1.3541453879563497e-15 0.0
44705.53 1.2418187846534378e-15 0.0
44715.53 1.0290281645416071e-15 0.0
44725.53 1.0013032428229328e-15 0.0
44735.53 1.3915873923813434e-15 0.0
44745.53 1.14665781791259e-15 0.0
44755.53 1.2053864973303496e-15 0.0
44765.53 1.2815722460902362e-15 0.0
44775.53 1.0512905213490573e-15 0.0
44785.53 1.1770669626392852e-15 0.0
44795.53 1.3184955742947154e-15 0.0
44805.53 1.1086977403127676e-15 0.0
44815.53 1.0892049441625357e-15 0.0
44825.53 1.3652197566812791e-15 0.0
44835.53 1.0119244627660166e-15 0.0
44845.53 1.344090409114575e-15 0.0
44855.53 1.0401933973197463e-15 0.0
44865.53 1.4266239426810152e-15 0.0
44875.53 1.3113240287194346e-15 0.0
44885.53 1.2419303811098218e-15 0.0
44895.53 9.802756607020517e-16 0.0
44905.53 1.0551596279758735e-15 0.0
44915.53 1.2305619693226691e-15 0.0
44925.53 1.2699224050834574e-15 0.0
44935.53 1.1268923179333464e-15 0.0
44945.53 1.2392720403763726e-15 0.0
44955.53 9.175503570629314e-16 0.0
44965.53 1.1614842686006179e-15 0.0
44975.53 1.2260758431687676e-15 0.0
44985.53 1.2057932980967993e-15 0.0
44995.53 1.2350038325146654e-15 0.0
45005.53 1.0737323318781338e-15 0.0
45015.53 9.64770155952823e-16 0.0
45025.53 1.4127856702423201e-15 0.0
45035.53 1.235597492171739e-15 0.0
45045.53 1.2391439476741674e-15 0.0
45055.53 1.0088171546280389e-15 0.0
45065.53 1.0432464563268546e-15 0.0
45075.53 1.0215743140726244e-15 0.0
45085.53 1.33737012734196e-15 0.0
45095.53 1.140629294651069e-15 0.0
45105.53 1.2424624099072586e-15 0.0
45115.53 1.0617162950363277e-15 0.0
45125.53 1.2328438360987294e-15 0.0
45135.53 9.350534336840803e-16 0.0
45145.53 1.3228331068193922e-15 0.0
45155.53 1.247148282591164e-15 0.0
45165.53 1.0511416009524715e-15 0.0
45175.53 1.2703390948251496e-15 0.0
45185.53 1.1436271303773796e-15 0.0
45195.53 1.0488133818700158e-15 0.0
45205.53 1.2151938078845898e-15 0.0
45215.53 1.0816313533545252e-15 0.0
45225.53 9.813463364345896e-16 0.0
45235.53 1.2856645671158364e-15 0.0
45245.53 1.127857793507664e-15 0.0
45255.53 1.2367477276762164e-15 0.0
45265.53 1.0462367074273333e-15 0.0
45275.53 9.714452429859317e-16 0.0
45285.53 1.1259571380867778e-15 0.0
45295.53 1.2276756503228712e-15 0.0
45305.53 1.3020162178368885e-15 0.0
45315.53 1.158691672586682e-15 0.0
45325.53 8.87891370677456e-16 0.0
45335.53 1.007033280814187e-15 0.0
45345.53 1.1833123440369683e-15 0.0
45355.53 1.2128094372592532e-15 0.0
45365.53 1.1436222681477004e-15 0.0
45375.53 1.1978888964826075e-15 0.0
45385.53 1.1741758090686598e-15 0.0
45395.53 9.791946291438733e-16 0.0
45405.53 1.292876518520166e-15 0.0
45415.53 1.0982370552506097e-15 0.0
45425.53 1.1237676101856004e-15 0.0
45435.53 1.2213057306490944e-15 0.0
45445.53 1.1511911833483178e-15 0.0
45455.53 8.682075236403519e-16 0.0
45465.53 1.0356217266387762e-15 0.0
45475.53 1.1900847475973539e-15 0.0
45485.53 1.1217564231482724e-15 0.0
45495.53 1.2395120200201131e-15 0.0
45505.53 1.1011818322933689e-15 0.0
45515.53 1.0312232750847387e-15 0.0
45525.53 8.720732577897721e-16 0.0
45535.53 1.2227417571689461e-15 0.0
45545.53 1.0881447683608406e-15 0.0
45555.53 1.3458250389020079e-15 0.0
45565.53 1.1708610433816492e-15 0.0
45575.53 9.665806091787269e-16 0.0
45585.53 1.1530312734732927e-15 0.0
45595.53 9.055666984587847e-16 0.0
45605.53 1.3055940651020571e-15 0.0
45615.53 1.2546542491713902e-15 0.0
45625.53 1.0124644084056988e-15 0.0
45635.53 9.841162681443512e-16 0.0
45645.53 1.2701699368655112e-15 0.0
45655.53 1.0738882554132603e-15 0.0
45665.53 9.121888577820522e-16 0.0
45675.53 1.0703957014707481e-15 0.0
45685.53 1.1299564111782742e-15 0.0
45695.53 9.973045977889959e-16 0.0
45705.53 1.0742268012163688e-15 0.0
45715.53 1.1088034978873232e-15 0.0
45725.53 1.1313371551601771e-15 0.0
45735.53 9.086797469820594e-16 0.0
45745.53 1.223816968705014e-15 0.0
45755.53 1.0986491898224057e-15 0.0
45765.53 1.0218942088761148e-15 0.0
45775.53 1.2326136120370176e-15 0.0
45785.53 1.1145071559514697e-15 0.0
45795.53 1.0890225764800668e-15 0.0
45805.53 9.211800092333174e-16 0.0
45815.53 1.2327903065943131e-15 0.0
45825.53 9.688478132168321e-16 0.0
45835.53 1.2134242087369086e-15 0.0
45845.53 1.0051098987403876e-15 0.0
45855.53 1.1007047139163422e-15 0.0
45865.53 1.1698270137458205e-15 0.0
45875.53 1.0651541827007876e-15 0.0
45885.53 1.0352135034422055e-15 0.0
45895.53 9.552168625558122e-16 0.0
45905.53 1.0159397941835782e-15 0.0
45915.53 1.2026772168398857e-15 0.0
45925.53 1.2664621943681852e-15 0.0
45935.53 1.0517797056132237e-15 0.0
45945.53 1.0200872271514656e-15 0.0
45955.53 8.339575954059637e-16 0.0
45965.53 1.0092577289100654e-15 0.0
45975.53 1.1072786071681495e-15 0.0
45985.53 1.1612409399197118e-15 0.0
45995.53 1.0669141023256973e-15 0.0
46005.53 1.2385105797080964e-15 0.0
46015.53 1.0646856036711158e-15 0.0
46025.53 7.95312811661174e-16 0.0
46035.53 1.1713211152516313e-15 0.0
46045.53 9.921542336504544e-16 0.0
46055.53 1.14328349416682e-15 0.0
46065.53 1.1710221687868142e-15 0.0
46075.53 1.2391029743578594e-15 0.0
46085.53 9.490551646735762e-16 0.0
46095.53 9.047023845711609e-16 0.0
46105.53 9.7821607375544e-16 0.0
46115.53 1.2423688595436506e-15 0.0
46125.53 1.140698389585303e-15 0.0
46135.53 1.1278575204450041e-15 0.0
46145.53 9.706859482177111e-16 0.0
46155.53 1.0319577146265157e-15 0.0
46165.53 9.572172875701204e-16 0.0
46175.53 9.72226791631986e-16 0.0
46185.53 1.085451310077736e-15 0.0
46195.53 1.187837053110304e-15 0.0
46205.53 9.342311059230461e-16 0.0
46215.53 1.1130959041630484e-15 0.0
46225.53 1.1139720706286118e-15 0.0
46235.53 9.330622436553426e-16 0.0
