reference_uv_spectra/lya_masked/M8-2559-trappist1-megamuscles.spec
# %ECSV 0.9
# ---
# datatype:
# - {name: w, datatype: float64}
# - {name: f, datatype: float64}
# - {name: e, datatype: float64}
# meta: !!omap
# - {distance: 10}
# - {w0: 1170.0}
# - {filename: M8-2559-trappist1-megamuscles.spec}
# schema: astropy-2.0
w f e
[from data line 846]
1394.4099999999976 1.3956041146314654e-19 0.0
1394.4599999999975 1.3625811501201077e-19 0.0
1394.5099999999975 1.3554255228407584e-19 0.0
1394.5599999999974 1.3539390211311833e-19 0.0
1394.6099999999974 1.3535503209518758e-19 0.0
1394.6599999999974 1.3533496751395753e-19 0.0
1394.7099999999973 1.3531776251949272e-19 0.0
1394.7599999999973 1.3530094324891756e-19 0.0
1394.8099999999972 1.352841744629792e-19 0.0
1394.8599999999972 1.3526741476717932e-19 0.0
1394.9099999999971 1.3525065809814477e-19 0.0
1394.959999999997 1.3523390547053828e-19 0.0
1395.009999999997 1.352171578891817e-19 0.0
1395.059999999997 1.3520041333951053e-19 0.0
1395.109999999997 1.3518367282634797e-19 0.0
1395.159999999997 1.351669363546122e-19 0.0
1395.2099999999969 1.3515020492912754e-19 0.0
1395.2599999999968 1.3513347350610125e-19 0.0
1395.3099999999968 1.3511675015855258e-19 0.0
1395.3599999999967 1.3510002782320363e-19 0.0
1395.4099999999967 1.35083310534107e-19 0.0
1395.4599999999966 1.350665962766934e-19 0.0
1395.5099999999966 1.3504988706553276e-19 0.0
1395.5599999999965 1.3503318189579648e-19 0.0
1395.6099999999965 1.350164787430879e-19 0.0
1395.6599999999964 1.34999781651287e-19 0.0
1395.7099999999964 1.349830865716037e-19 0.0
1395.76 1.34554107515838e-19 0.0
1400.77 1.3371934300289904e-19 0.0
1400.82 1.3329703864022136e-19 0.0
1400.87 1.3328073635508614e-19 0.0
1400.9199999999998 1.3326443811134315e-19 0.0
1400.9699999999998 1.3324814289440194e-19 0.0
1401.0199999999998 1.332318527285943e-19 0.0
1401.0699999999997 1.3321556457984711e-19 0.0
1401.1199999999997 1.3319928047249094e-19 0.0
1401.1699999999996 1.3318300141142167e-19 0.0
1401.2199999999996 1.3316672639174281e-19 0.0
1401.2699999999995 1.3315045237938365e-19 0.0
1401.3199999999995 1.331341824084143e-19 0.0
1401.3699999999994 1.3311791748373305e-19 0.0
1401.4199999999994 1.33101657610183e-19 0.0
1401.4699999999993 1.3308539975369574e-19 0.0
1401.5199999999993 1.3306914795808104e-19 0.0
1401.5699999999993 1.3305289716978782e-19 0.0
1401.6199999999992 1.3303664941314067e-19 0.0
1401.6699999999992 1.330204067027834e-19 0.0
1401.7199999999991 1.3300416803381359e-19 0.0
1401.769999999999 1.3298793340139225e-19 0.0
1401.819999999999 1.329717007908739e-19 0.0
1401.869999999999 1.3295547625587247e-19 0.0
1401.919999999999 1.3293924970380558e-19 0.0
1401.969999999999 1.3292303021751423e-19 0.0
1402.0199999999988 1.3290681477260858e-19 0.0
1402.0699999999988 1.3289061548115672e-19 0.0
1402.1199999999988 1.3287473325109714e-19 0.0
1402.1699999999987 1.3286392497196295e-19 0.0
1402.2199999999987 1.329191063614717e-19 0.0
1402.2699999999986 1.3365138132611657e-19 0.0
1402.3199999999986 1.3985011148107333e-19 0.0
1402.3699999999985 1.8063061651052883e-19 0.0
1402.4199999999985 3.9178888888885665e-19 0.0
1402.4699999999984 1.2504727820969268e-18 0.0
1402.5199999999984 3.9773964206854435e-18 0.0
1402.5699999999983 1.0675488116799935e-17 0.0
1402.6199999999983 2.318255432970996e-17 0.0
1402.6699999999983 4.031510461716579e-17 0.0
1402.7199999999982 5.599093862445104e-17 0.0
1402.7699999999982 6.205420336962822e-17 0.0
1402.8199999999981 5.48731297687359e-17 0.0
1402.869999999998 3.872376806916947e-17 0.0
1402.919999999998 2.1828044664017983e-17 0.0
1402.969999999998 9.858520653391819e-18 0.0
1403.019999999998 3.60911513238842e-18 0.0
1403.069999999998 1.123347930524735e-18 0.0
1403.1199999999978 3.576535986815665e-19 0.0
1403.1699999999978 1.733014580197795e-19 0.0
1403.2199999999978 1.3840301897807626e-19 0.0
1403.2699999999977 1.3317945519766278e-19 0.0
1403.3199999999977 1.3254852803340718e-19 0.0
1403.3699999999976 1.3247490471676849e-19 0.0
1403.4199999999976 1.324545261057631e-19 0.0
1403.4699999999975 1.3243816727508587e-19 0.0
1403.5199999999975 1.324220497751458e-19 0.0
1403.5699999999974 1.3240594842866831e-19 0.0
1403.6199999999974 1.3238985112356713e-19 0.0
1403.6699999999973 1.3237375785502562e-19 0.0
1403.7199999999973 1.3235766559863394e-19 0.0
1403.7699999999973 1.323415804080284e-19 0.0
1403.8199999999972 1.3232549723931406e-19 0.0
1403.8699999999972 1.3230941810716055e-19 0.0
1403.9199999999971 1.3229334099689765e-19 0.0
1403.969999999997 1.3227727196216404e-19 0.0
1404.019999999997 1.3226120393957848e-19 0.0
1404.069999999997 1.32245138943813e-19 0.0
1404.119999999997 1.3222907798942085e-19 0.0
1404.169999999997 1.3221302006184937e-19 0.0
1404.2199999999968 1.3219696920487653e-19 0.0
1404.2699999999968 1.3218092036498294e-19 0.0
1404.3199999999968 1.3216487152749372e-19 0.0
1404.3699999999967 1.3214882975579416e-19 0.0
1404.4199999999967 1.321327920254662e-19 0.0
1404.4699999999966 1.3211675530247671e-19 0.0
1404.5199999999966 1.3210072565008414e-19 0.0
1404.5699999999965 1.3208469902451453e-19 0.0
1404.6199999999965 1.3206867644031535e-19 0.0
1404.6699999999964 1.320526538537139e-19 0.0
1404.7199999999964 1.3203663732316271e-19 0.0
1404.77 1.3123014117317093e-19 0.0
1414.77 1.2889662379032678e-19 0.0
1424.77 1.2590659022546466e-19 0.0
1434.77 1.230500134474881e-19 0.0
1444.77 1.2032063187485518e-19 0.0
1454.77 1.1771254077388086e-19 0.0
1464.77 1.1522016964556588e-19 0.0
1474.77 1.1283826187929623e-19 0.0
1484.77 1.10561856976336e-19 0.0
1494.77 1.0838627102646665e-19 0.0
1504.77 1.0630708119330168e-19 0.0
1514.77 1.0432011029552708e-19 0.0
1524.77 1.0242141255944218e-19 0.0
1534.77 1.0060725953810811e-19 0.0
1544.77 9.923651773570096e-20 0.0
1546.202 9.868735680841118e-20 0.0
1546.252 9.862075090489212e-20 0.0
1546.302 9.861234177475712e-20 0.0
1546.3519999999999 9.860393264282836e-20 0.0
1546.4019999999998 9.859552654191907e-20 0.0
1546.4519999999998 9.858712245870027e-20 0.0
1546.5019999999997 9.857872039675866e-20 0.0
1546.5519999999997 9.85703213622498e-20 0.0
1546.6019999999996 9.856192333927589e-20 0.0
1546.6519999999996 9.855352733399305e-20 0.0
1546.7019999999995 9.854513234024485e-20 0.0
1546.7519999999995 9.853674037393001e-20 0.0
1546.8019999999995 9.852835042889146e-20 0.0
1546.8519999999994 9.851996149180263e-20 0.0
1546.9019999999994 9.851157558573176e-20 0.0
1546.9519999999993 9.850319573632072e-20 0.0
1547.0019999999993 9.849485930760567e-20 0.0
1547.0519999999992 9.84867652151691e-20 0.0
1547.1019999999992 9.848010394836337e-20 0.0
1547.1519999999991 9.848121466362224e-20 0.0
1547.201999999999 9.852095507878602e-20 0.0
1547.251999999999 9.873687123014023e-20 0.0
1547.301999999999 9.96893416355718e-20 0.0
1547.351999999999 1.0346242926553239e-19 0.0
1547.401999999999 1.1712108757261639e-19 0.0
1547.4519999999989 1.6245530265372313e-19 0.0
1547.5019999999988 3.00461379952413e-19 0.0
1547.5519999999988 6.856163934134219e-19 0.0
1547.6019999999987 1.6703310676540805e-18 0.0
1547.6519999999987 3.9743334815087155e-18 0.0
1547.7019999999986 8.90128646107219e-18 0.0
1547.7519999999986 1.8513780791149574e-17 0.0
1547.8019999999985 3.5583361668242794e-17 0.0
1547.8519999999985 6.308050234993165e-17 0.0
1547.9019999999985 1.0306588916705463e-16 0.0
1547.9519999999984 1.5515635534450362e-16 0.0
1548.0019999999984 2.1517817427589157e-16 0.0
1548.0519999999983 2.7489865606310784e-16 0.0
1548.1019999999983 3.2350361160433706e-16 0.0
1548.1519999999982 3.506801612279813e-16 0.0
1548.2019999999982 3.5015959702405816e-16 0.0
1548.2519999999981 3.220649327470283e-16 0.0
1548.301999999998 2.7286372753205973e-16 0.0
1548.351999999998 2.129508577430534e-16 0.0
1548.401999999998 1.5309382903588616e-16 0.0
1548.451999999998 1.0139328998680825e-16 0.0
1548.501999999998 6.187225378632482e-17 0.0
1548.5519999999979 3.479831417235753e-17 0.0
1548.6019999999978 1.8052208364043555e-17 0.0
1548.6519999999978 8.654701082005429e-18 0.0
1548.7019999999977 3.8542732007281846e-18 0.0
1548.7519999999977 1.6169134127838665e-18 0.0
1548.8019999999976 6.638356292917665e-19 0.0
1548.8519999999976 2.9230183491566217e-19 0.0
1548.9019999999975 1.5968317121820494e-19 0.0
1548.9519999999975 1.1641972484602043e-19 0.0
1549.0019999999975 1.0375033901063812e-19 0.0
1549.0519999999974 1.0089114358207885e-19 0.0
1549.1019999999974 1.0136382600818158e-19 0.0
1549.1519999999973 1.0368107071132912e-19 0.0
1549.2019999999973 1.0816311230875622e-19 0.0
1549.2519999999972 1.1609895405955506e-19 0.0
1549.3019999999972 1.297691607855355e-19 0.0
1549.3519999999971 1.528432276562736e-19 0.0
1549.401999999997 1.9103726149596836e-19 0.0
1549.451999999997 2.5304028168415006e-19 0.0
1549.501999999997 3.517484913919923e-19 0.0
1549.551999999997 5.058410485367336e-19 0.0
1549.601999999997 7.41701361428656e-19 0.0
1549.6519999999969 1.0956356099266557e-18 0.0
1549.7019999999968 1.616262967321044e-18 0.0
1549.7519999999968 2.366851441311115e-18 0.0
1549.8019999999967 3.42725586892911e-18 0.0
1549.8519999999967 4.8949948433900036e-18 0.0
1549.9019999999966 6.8849035945364515e-18 0.0
1549.9519999999966 9.526749799622847e-18 0.0
1550.0019999999965 1.2960232203046917e-17 0.0
1550.0519999999965 1.7326928448048365e-17 0.0
1550.1019999999965 2.2759038521500448e-17 0.0
1550.1519999999964 2.936518351050564e-17 0.0
1550.2019999999964 3.7214037774071256e-17 0.0
1550.2519999999963 4.6317136334519517e-17 0.0
1550.3019999999963 5.661271917365159e-17 0.0
1550.3519999999962 6.795284218551846e-17 0.0
1550.4019999999962 8.009609264094836e-17 0.0
1550.4519999999961 9.270801007925509e-17 0.0
1550.501999999996 1.0537069390675965e-16 0.0
1550.551999999996 1.176021059194524e-16 0.0
1550.601999999996 1.2888435239498673e-16 0.0
1550.651999999996 1.3869892605702644e-16 0.0
1550.701999999996 1.465657138456632e-16 0.0
1550.7519999999959 1.520817472603485e-16 0.0
1550.8019999999958 1.5495536302330195e-16 0.0
1550.8519999999958 1.5503174858035978e-16 0.0
1550.9019999999957 1.5230675915743085e-16 0.0
1550.9519999999957 1.4692729030667384e-16 0.0
1551.0019999999956 1.3917815929651138e-16 0.0
1551.0519999999956 1.29457125766309e-16 0.0
1551.1019999999955 1.1824110000133463e-16 0.0
1551.1519999999955 1.0604752987091851e-16 0.0
1551.2019999999955 9.339529823259699e-17 0.0
1551.2519999999954 8.076918547271118e-17 0.0
1551.3019999999954 6.859114691914315e-17 0.0
1551.3519999999953 5.720049376997208e-17 0.0
1551.4019999999953 4.6843763347812814e-17 0.0
1551.4519999999952 3.767383152337717e-17 0.0
1551.5019999999952 2.975683029059779e-17 0.0
1551.5519999999951 2.3084793171923644e-17 0.0
1551.601999999995 1.7591693988822117e-17 0.0
1551.651999999995 1.3170635664916922e-17 0.0
1551.701999999995 9.690302552529397e-18 0.0
1551.751999999995 7.009304214748091e-18 0.0
1551.801999999995 4.987602484041095e-18 0.0
1551.8519999999949 3.494736369648137e-18 0.0
1551.9019999999948 2.414979324638458e-18 0.0
1551.9519999999948 1.6498508642806203e-18 0.0
1552.0019999999947 1.1185579469235843e-18 0.0
1552.0519999999947 7.569797912324926e-19 0.0
1552.1019999999946 5.157633919992271e-19 0.0
1552.1519999999946 3.5799919397083318e-19 0.0
1552.2019999999945 2.568268988498575e-19 0.0
1552.2519999999945 1.9320355078521974e-19 0.0
1552.3019999999945 1.5396427751142617e-19 0.0
1552.3519999999944 1.3022742914307595e-19 0.0
1552.4019999999944 1.1614181760675728e-19 0.0
1552.4519999999943 1.0794123261951428e-19 0.0
1552.5019999999943 1.0325608041927973e-19 0.0
1552.5519999999942 1.006284602212704e-19 0.0
1552.6019999999942 9.918092848143651e-20 0.0
1552.6519999999941 9.839675681697243e-20 0.0
1552.701999999994 9.79780915485042e-20 0.0
1552.751999999994 9.777798811489543e-20 0.0
1552.774 9.713826547959624e-20 0.0
1562.774 9.59475337501532e-20 0.0
1572.774 9.44241554895723e-20 0.0
1582.774 9.297008413484086e-20 0.0
1592.774 9.158263102080191e-20 0.0
1602.774 9.025925406653867e-20 0.0
1612.774 8.899755007609206e-20 0.0
1622.774 8.779524759958505e-20 0.0
1632.774 8.67717854225721e-20 0.0
1638.4 8.618027473008168e-20 0.0
1638.45 8.602270838743906e-20 0.0
1638.5 8.601727799440291e-20 0.0
1638.55 8.60118526516412e-20 0.0
1638.6 8.600642629757298e-20 0.0
1638.6499999999999 8.600100196455313e-20 0.0
1638.6999999999998 8.599557561048501e-20 0.0
1638.7499999999998 8.599015228720702e-20 0.0
1638.7999999999997 8.59847309818488e-20 0.0
1638.8499999999997 8.597931169753854e-20 0.0
1638.8999999999996 8.597389241166434e-20 0.0
1638.9499999999996 8.596847615657987e-20 0.0
1638.9999999999995 8.596305989993162e-20 0.0
1639.0499999999995 8.595764667407293e-20 0.0
1639.0999999999995 8.595223243690872e-20 0.0
1639.1499999999994 8.594682123053383e-20 0.0
1639.1999999999994 8.594141002259559e-20 0.0
1639.2499999999993 8.593600083570453e-20 0.0
1639.2999999999993 8.593059265699226e-20 0.0
1639.3499999999992 8.592518750906893e-20 0.0
1639.3999999999992 8.591978134984067e-20 0.0
1639.4499999999991 8.591437923114313e-20 0.0
1639.499999999999 8.59089750913989e-20 0.0
1639.549999999999 8.590357297270125e-20 0.0
1639.599999999999 8.58981738816669e-20 0.0
1639.649999999999 8.589277883116286e-20 0.0
1639.699999999999 8.588737974012862e-20 0.0
1639.7499999999989 8.588198367988253e-20 0.0
1639.7999999999988 8.587659064730013e-20 0.0
1639.8499999999988 8.587119660653786e-20 0.0
1639.8999999999987 8.586580559343948e-20 0.0
1639.9499999999987 8.586041559164495e-20 0.0
1639.9999999999986 8.585502760777254e-20 0.0
1640.0499999999986 8.584963962546183e-20 0.0
1640.0999999999985 8.584425366107343e-20 0.0
1640.1499999999985 8.583886769824654e-20 0.0
1640.1999999999985 8.583348476308411e-20 0.0
1640.2499999999984 8.5828101829483e-20 0.0
1640.2999999999984 8.582272192354656e-20 0.0
1640.3499999999983 8.581734201917122e-20 0.0
1640.3999999999983 8.581196514246075e-20 0.0
1640.4499999999982 8.580658725756922e-20 0.0
1640.4999999999982 8.580120937111689e-20 0.0
1640.5499999999981 8.579583855441898e-20 0.0
1640.599999999998 8.579046470693458e-20 0.0
1640.649999999998 8.578509389023658e-20 0.0
1640.699999999998 8.577972408172012e-20 0.0
1640.749999999998 8.577435528450594e-20 0.0
1640.799999999998 8.576898749547348e-20 0.0
1640.8499999999979 8.576362172748508e-20 0.0
1640.8999999999978 8.57582569676786e-20 0.0
1640.9499999999978 8.575289321917401e-20 0.0
1640.9999999999977 8.57475314885935e-20 0.0
1641.0499999999977 8.57421707693147e-20 0.0
1641.0999999999976 8.573681105821821e-20 0.0
1641.1499999999976 8.573145336816518e-20 0.0
1641.1999999999975 8.572609668629467e-20 0.0
1641.2499999999975 8.572074101572545e-20 0.0
1641.2999999999975 8.571538736308091e-20 0.0
1641.3499999999974 8.571003573147944e-20 0.0
1641.3999999999974 8.570468510806087e-20 0.0
1641.4499999999973 8.569933549594322e-20 0.0
1641.4999999999973 8.569398588226671e-20 0.0
1641.5499999999972 8.568863828963288e-20 0.0
1641.5999999999972 8.568329170518234e-20 0.0
1641.6499999999971 8.567794714177428e-20 0.0
1641.699999999997 8.567260459629167e-20 0.0
1641.749999999997 8.566726205236744e-20 0.0
1641.799999999997 8.566192152636884e-20 0.0
1641.849999999997 8.565658302141235e-20 0.0
1641.899999999997 8.565124350515582e-20 0.0
1641.9499999999969 8.56459080294251e-20 0.0
1641.9999999999968 8.56405725521365e-20 0.0
1642.0499999999968 8.563523808614763e-20 0.0
1642.0999999999967 8.5629905638085e-20 0.0
1642.1499999999967 8.562457521106389e-20 0.0
1642.1999999999966 8.561924478248527e-20 0.0
1642.2499999999966 8.561391637494798e-20 0.0
1642.2999999999965 8.560858998533728e-20 0.0
1642.3499999999965 8.560326460391154e-20 0.0
1642.4 8.533527812113854e-20 0.0
1652.4 8.456168248498485e-20 0.0
1662.4 8.366107668687197e-20 0.0
1668.79 8.31165459002728e-20 0.0
1668.84 8.296364059752676e-20 0.0
1668.8899999999999 8.295899376427837e-20 0.0
1668.9399999999998 8.295434491305508e-20 0.0
1668.9899999999998 8.294969807980677e-20 0.0
1669.0399999999997 8.294505427729319e-20 0.0
1669.0899999999997 8.29404114830128e-20 0.0
1669.1399999999996 8.293576869024109e-20 0.0
1669.1899999999996 8.293112488621883e-20 0.0
1669.2399999999996 8.292648411293094e-20 0.0
1669.2899999999995 8.292184636736052e-20 0.0
1669.3399999999995 8.291720761355647e-20 0.0
1669.3899999999994 8.291257087772809e-20 0.0
1669.4399999999994 8.29079361628918e-20 0.0
1669.4899999999993 8.290330144654742e-20 0.0
1669.5399999999993 8.289866875119496e-20 0.0
