reference_uv_spectra/lya_masked/M8-2559-trappist1-megamuscles.spec
# %ECSV 0.9
# ---
# datatype:
# - {name: w, datatype: float64}
# - {name: f, datatype: float64}
# - {name: e, datatype: float64}
# meta: !!omap
# - {distance: 10}
# - {w0: 1170.0}
# - {filename: M8-2559-trappist1-megamuscles.spec}
# schema: astropy-2.0
w f e
[from data line 4633]
32065.53 1.2696039158252641e-15 0.0
32075.53 1.2954859484956797e-15 0.0
32085.53 1.2609590641966038e-15 0.0
32095.53 1.1582182336692864e-15 0.0
32105.53 1.2614936342066198e-15 0.0
32115.53 1.1566452522383568e-15 0.0
32125.53 1.2037591864208787e-15 0.0
32135.53 1.1028581593022262e-15 0.0
32145.53 1.2535328572351527e-15 0.0
32155.53 1.0514750179462689e-15 0.0
32165.53 1.2902788324336441e-15 0.0
32175.53 1.2283996424468496e-15 0.0
32185.53 1.065747515755936e-15 0.0
32195.53 1.0983942900040087e-15 0.0
32205.53 1.1607616667759638e-15 0.0
32215.53 1.1880033036489962e-15 0.0
32225.53 1.189546179536509e-15 0.0
32235.53 1.0898013177966143e-15 0.0
32245.53 1.107004232359337e-15 0.0
32255.53 1.2009446274640399e-15 0.0
32265.53 1.0820106354349975e-15 0.0
32275.53 1.179666697752997e-15 0.0
32285.53 1.1436242638269108e-15 0.0
32295.53 1.0022479834608356e-15 0.0
32305.53 1.2793584731323941e-15 0.0
32315.53 1.333358819625581e-15 0.0
32325.53 1.0979879466270788e-15 0.0
32335.53 1.2233791289967895e-15 0.0
32345.53 1.1970774205479735e-15 0.0
32355.53 1.244786259041067e-15 0.0
32365.53 1.1806581584643806e-15 0.0
32375.53 1.15074845044801e-15 0.0
32385.53 1.11870727592481e-15 0.0
32395.53 1.205285629000675e-15 0.0
32405.53 1.1117181662718138e-15 0.0
32415.53 1.077140775402455e-15 0.0
32425.53 1.1860713798652074e-15 0.0
32435.53 1.0923104161404995e-15 0.0
32445.53 1.1448782098614022e-15 0.0
32455.53 1.1104393091891122e-15 0.0
32465.53 1.166696989348971e-15 0.0
32475.53 1.1129494861920256e-15 0.0
32485.53 1.1825233326811648e-15 0.0
32495.53 1.1375648981746534e-15 0.0
32505.53 1.202666785645167e-15 0.0
32515.53 1.089769804272888e-15 0.0
32525.53 1.2359778554677448e-15 0.0
32535.53 1.1642602882769697e-15 0.0
32545.53 1.1998263952207407e-15 0.0
32555.53 1.1860338706210384e-15 0.0
32565.53 1.2612192258556336e-15 0.0
32575.53 1.2726260003951756e-15 0.0
32585.53 1.1260897680891927e-15 0.0
32595.53 1.2866895450719032e-15 0.0
32605.53 1.1388223938427785e-15 0.0
32615.53 1.324516080842272e-15 0.0
32625.53 1.2225637798975047e-15 0.0
32635.53 1.1237899384528208e-15 0.0
32645.53 1.2457700471326962e-15 0.0
32655.53 1.101120816672577e-15 0.0
32665.53 1.1686730764530056e-15 0.0
32675.53 1.2774148592108434e-15 0.0
32685.53 1.2066888039184221e-15 0.0
32695.53 1.0721416677090221e-15 0.0
32705.53 1.161980977287377e-15 0.0
32715.53 1.1267536388961136e-15 0.0
32725.53 1.216023720982314e-15 0.0
32735.53 1.278534307756025e-15 0.0
32745.53 1.1054228404506222e-15 0.0
32755.53 1.1279142121988636e-15 0.0
32765.53 1.1166415563722893e-15 0.0
32775.53 1.1377803575949286e-15 0.0
32785.53 1.147895369036055e-15 0.0
32795.53 1.1792371083726367e-15 0.0
32805.53 1.1315519701473017e-15 0.0
32815.53 1.0296844554066067e-15 0.0
32825.53 1.1343078926693403e-15 0.0
32835.53 1.2492003222229594e-15 0.0
32845.53 1.237104367946657e-15 0.0
32855.53 1.191468033598337e-15 0.0
32865.53 1.2101768299543944e-15 0.0
32875.53 1.0600079975459091e-15 0.0
32885.53 1.0871367992285713e-15 0.0
32895.53 1.2605293826579833e-15 0.0
32905.53 1.221590397324391e-15 0.0
32915.53 1.149603490554138e-15 0.0
32925.53 1.2130885508332835e-15 0.0
32935.53 1.1121525295622284e-15 0.0
32945.53 1.0625867207986467e-15 0.0
32955.53 1.143338503417219e-15 0.0
32965.53 1.1833638567949182e-15 0.0
32975.53 1.1457819658196033e-15 0.0
32985.53 1.0627071373991842e-15 0.0
32995.53 1.2449219355005642e-15 0.0
33005.53 1.1345507867547222e-15 0.0
33015.53 1.1500438228367215e-15 0.0
33025.53 1.2488430437723364e-15 0.0
33035.53 1.1818830962182925e-15 0.0
33045.53 1.2102731044408945e-15 0.0
33055.53 1.1400373893510167e-15 0.0
33065.53 1.1858587094342938e-15 0.0
33075.53 1.2248550666890988e-15 0.0
33085.53 1.1369997082105225e-15 0.0
33095.53 1.1107886977971821e-15 0.0
33105.53 1.2319896509834226e-15 0.0
33115.53 1.2011758060895937e-15 0.0
33125.53 1.0166508201428873e-15 0.0
33135.53 1.2237025237953221e-15 0.0
33145.53 1.2203669316417766e-15 0.0
33155.53 1.111067709920095e-15 0.0
33165.53 1.112509156390984e-15 0.0
33175.53 1.125601709956467e-15 0.0
33185.53 1.2438375107311908e-15 0.0
33195.53 1.1741364807845307e-15 0.0
33205.53 1.0662161127250874e-15 0.0
33215.53 1.0816194995099654e-15 0.0
33225.53 1.17734793325964e-15 0.0
33235.53 1.1761603108871957e-15 0.0
33245.53 1.2305876374375954e-15 0.0
33255.53 1.2749095395210543e-15 0.0
33265.53 1.1533486700129724e-15 0.0
33275.53 1.1644496166920482e-15 0.0
33285.53 1.2231014548049131e-15 0.0
33295.53 1.2759321623052166e-15 0.0
33305.53 1.2505079009190441e-15 0.0
33315.53 1.2712325267111062e-15 0.0
33325.53 1.2367094356219198e-15 0.0
33335.53 1.2005560034512989e-15 0.0
33345.53 1.2097485826616532e-15 0.0
33355.53 1.274531042840819e-15 0.0
33365.53 1.0695551592727586e-15 0.0
33375.53 1.1671101716354857e-15 0.0
33385.53 1.1390905500835215e-15 0.0
33395.53 1.0298008610600527e-15 0.0
33405.53 1.1379285653443975e-15 0.0
33415.53 1.141905910826528e-15 0.0
33425.53 1.2428271554129139e-15 0.0
33435.53 1.224014100023378e-15 0.0
33445.53 1.107395372678766e-15 0.0
33455.53 1.0776212607044275e-15 0.0
33465.53 1.145441929778243e-15 0.0
33475.53 1.2050974382872263e-15 0.0
33485.53 1.1572188977047478e-15 0.0
33495.53 1.1769124744253728e-15 0.0
33505.53 1.20880858305596e-15 0.0
33515.53 1.1815760767085113e-15 0.0
33525.53 1.224407563533841e-15 0.0
33535.53 1.2384250313268832e-15 0.0
33545.53 1.113205168730077e-15 0.0
33555.53 1.1018354109598017e-15 0.0
33565.53 1.1411496539463156e-15 0.0
33575.53 1.1122257811178144e-15 0.0
33585.53 1.1548496567246328e-15 0.0
33595.53 1.1646372772447629e-15 0.0
33605.53 1.242964598613877e-15 0.0
33615.53 1.1059282881480417e-15 0.0
33625.53 1.1908412963792645e-15 0.0
33635.53 1.121239008422136e-15 0.0
33645.53 1.1615028639800947e-15 0.0
33655.53 1.178530970869802e-15 0.0
33665.53 1.172896048332498e-15 0.0
33675.53 1.2299645235151752e-15 0.0
33685.53 1.166350790346758e-15 0.0
33695.53 1.1880423954964722e-15 0.0
33705.53 1.1329392719886666e-15 0.0
33715.53 1.1526186903576396e-15 0.0
33725.53 1.2228101758365004e-15 0.0
33735.53 1.0616478181404282e-15 0.0
33745.53 1.2738230010312123e-15 0.0
33755.53 1.1694673098775644e-15 0.0
33765.53 1.1938728537078138e-15 0.0
33775.53 1.1247719498328725e-15 0.0
33785.53 1.0286790418953686e-15 0.0
33795.53 1.162648012476316e-15 0.0
33805.53 1.1119780151092306e-15 0.0
33815.53 1.2414189067476503e-15 0.0
33825.53 1.110940863101819e-15 0.0
33835.53 1.246028793097957e-15 0.0
33845.53 1.1125149513908808e-15 0.0
33855.53 1.1461166461844449e-15 0.0
33865.53 1.127845436564101e-15 0.0
33875.53 1.2256047029837094e-15 0.0
33885.53 1.1706288309845399e-15 0.0
33895.53 1.2352014673146038e-15 0.0
33905.53 1.1622101597942808e-15 0.0
33915.53 1.2904221847983535e-15 0.0
33925.53 1.2684296936262315e-15 0.0
33935.53 1.1722840365439164e-15 0.0
33945.53 1.0874315333769316e-15 0.0
33955.53 1.190779760911647e-15 0.0
33965.53 1.1172001201234053e-15 0.0
33975.53 1.1783967245254508e-15 0.0
33985.53 1.1969526371601697e-15 0.0
33995.53 1.1513925128280104e-15 0.0
34005.53 1.194941960227031e-15 0.0
34015.53 1.0214540271016285e-15 0.0
34025.53 1.2189068103355433e-15 0.0
34035.53 1.1421631566325396e-15 0.0
34045.53 1.075406915402225e-15 0.0
34055.53 1.2258684959992326e-15 0.0
34065.53 1.0958864293678893e-15 0.0
34075.53 1.3070839875130527e-15 0.0
34085.53 1.1216537447845663e-15 0.0
34095.53 1.108417235857802e-15 0.0
34105.53 1.1561762164731552e-15 0.0
34115.53 1.19687256839815e-15 0.0
34125.53 1.1448316308041214e-15 0.0
34135.53 1.1628804580737346e-15 0.0
34145.53 1.0829354543971993e-15 0.0
34155.53 1.08057714969087e-15 0.0
34165.53 1.1672283690500264e-15 0.0
34175.53 1.146467464088235e-15 0.0
34185.53 1.0733835040183861e-15 0.0
34195.53 1.0926807341629011e-15 0.0
34205.53 1.142953639152327e-15 0.0
34215.53 1.202120086052519e-15 0.0
34225.53 1.1875485262674319e-15 0.0
34235.53 1.208322839679611e-15 0.0
34245.53 1.2287343254379895e-15 0.0
34255.53 1.0956461897257725e-15 0.0
34265.53 1.189456508603445e-15 0.0
34275.53 1.1983837215705444e-15 0.0
34285.53 1.1892780535550668e-15 0.0
34295.53 1.0615409838119446e-15 0.0
34305.53 1.1860781299123298e-15 0.0
34315.53 1.1265261931066045e-15 0.0
34325.53 1.2363018154555254e-15 0.0
34335.53 1.248309789938507e-15 0.0
34345.53 1.0477291334426244e-15 0.0
34355.53 1.2070907869471697e-15 0.0
34365.53 1.1571754862529048e-15 0.0
34375.53 1.1533290547430648e-15 0.0
34385.53 1.1405886423144429e-15 0.0
34395.53 1.2347450263306558e-15 0.0
34405.53 1.155723693879958e-15 0.0
34415.53 1.1280785468114815e-15 0.0
34425.53 1.1865479863208323e-15 0.0
34435.53 1.0453452563933745e-15 0.0
34445.53 1.1553937345683295e-15 0.0
34455.53 1.0562331409947812e-15 0.0
34465.53 1.1026664147882213e-15 0.0
34475.53 1.1201104586697536e-15 0.0
34485.53 1.225741442481446e-15 0.0
34495.53 1.1536407893529436e-15 0.0
34505.53 1.235285756421902e-15 0.0
34515.53 1.2190187536184183e-15 0.0
34525.53 1.1171379241727482e-15 0.0
34535.53 1.1792184234172543e-15 0.0
34545.53 1.1975400259222456e-15 0.0
34555.53 1.1596232261535782e-15 0.0
34565.53 1.0678261144873297e-15 0.0
34575.53 1.0901456235762756e-15 0.0
34585.53 1.0971845325291115e-15 0.0
34595.53 1.0808728319717433e-15 0.0
34605.53 1.1116545765037298e-15 0.0
34615.53 1.2176011532498147e-15 0.0
34625.53 1.1558864480089192e-15 0.0
34635.53 1.1057418063380396e-15 0.0
34645.53 1.2157556117228449e-15 0.0
34655.53 1.1054568920927555e-15 0.0
34665.53 1.1298353648709856e-15 0.0
34675.53 1.2682790077263656e-15 0.0
34685.53 1.1317441545094273e-15 0.0
34695.53 1.1877965927416185e-15 0.0
34705.53 1.2510015032272406e-15 0.0
34715.53 1.1007191569887308e-15 0.0
34725.53 1.1665180657157004e-15 0.0
34735.53 1.2565859281924358e-15 0.0
34745.53 1.1856181376455567e-15 0.0
34755.53 1.0786855338884183e-15 0.0
34765.53 1.2169237275091592e-15 0.0
34775.53 1.1641015683698945e-15 0.0
34785.53 1.1372435117473838e-15 0.0
34795.53 1.1874808279811333e-15 0.0
34805.53 1.1958845584671474e-15 0.0
34815.53 1.075237318186417e-15 0.0
34825.53 1.1174456477114583e-15 0.0
34835.53 1.072471017696147e-15 0.0
34845.53 1.2177642879258016e-15 0.0
34855.53 1.0310187285548873e-15 0.0
34865.53 1.1683853520244416e-15 0.0
34875.53 1.0884786795898842e-15 0.0
34885.53 1.108979846336741e-15 0.0
34895.53 1.1451947126505244e-15 0.0
34905.53 1.2046483195965334e-15 0.0
34915.53 1.1077077504836096e-15 0.0
34925.53 1.0667942817759996e-15 0.0
34935.53 1.0208574893575014e-15 0.0
34945.53 1.1471950609102265e-15 0.0
34955.53 1.1887541255570885e-15 0.0
34965.53 1.163369252412715e-15 0.0
34975.53 1.1852029247624703e-15 0.0
34985.53 1.0732906285204206e-15 0.0
34995.53 1.0691475639967457e-15 0.0
35005.53 1.0761482426339782e-15 0.0
35015.53 1.1766673925454983e-15 0.0
35025.53 1.1548201227966236e-15 0.0
35035.53 1.2368304196838673e-15 0.0
35045.53 1.2588684649822072e-15 0.0
35055.53 1.0818689267350339e-15 0.0
35065.53 1.1888167273432337e-15 0.0
35075.53 1.2488693603813531e-15 0.0
35085.53 1.136337302105237e-15 0.0
35095.53 1.1757416297624627e-15 0.0
35105.53 1.1466498693557231e-15 0.0
35115.53 1.1470175975273256e-15 0.0
35125.53 1.0862533424713027e-15 0.0
35135.53 1.2113735236107812e-15 0.0
35145.53 1.1313197822347385e-15 0.0
35155.53 1.2788451437349808e-15 0.0
35165.53 1.0865033508269404e-15 0.0
35175.53 1.074365980276527e-15 0.0
35185.53 1.2025283617207748e-15 0.0
35195.53 1.0292079644434898e-15 0.0
35205.53 1.0635834676154894e-15 0.0
35215.53 1.0733269340306826e-15 0.0
35225.53 1.176320752221749e-15 0.0
35235.53 1.0813658990966683e-15 0.0
35245.53 1.189085378364645e-15 0.0
35255.53 1.1064941782766172e-15 0.0
35265.53 1.139136279634068e-15 0.0
35275.53 1.0408752776037764e-15 0.0
35285.53 1.0639988298822248e-15 0.0
35295.53 1.0973456490498399e-15 0.0
35305.53 1.1619026304775783e-15 0.0
35315.53 1.2275507603089016e-15 0.0
35325.53 1.1588164709671344e-15 0.0
35335.53 1.219723866459024e-15 0.0
35345.53 1.1163875612232338e-15 0.0
35355.53 1.1678779506375678e-15 0.0
35365.53 1.161321169932837e-15 0.0
35375.53 1.0812411866990555e-15 0.0
35385.53 1.0268122693536758e-15 0.0
35395.53 1.1302103789683309e-15 0.0
35405.53 1.1637771114740405e-15 0.0
35415.53 1.146260394197396e-15 0.0
35425.53 1.0634906155474148e-15 0.0
35435.53 1.2304993621262457e-15 0.0
35445.53 1.0284381306265383e-15 0.0
35455.53 1.0314997763887904e-15 0.0
35465.53 1.13657091228507e-15 0.0
35475.53 1.1624742380992274e-15 0.0
35485.53 1.1491618350850124e-15 0.0
35495.53 1.1940631163432609e-15 0.0
35505.53 1.1526942632611981e-15 0.0
35515.53 1.1354273518024336e-15 0.0
35525.53 1.1169110049948516e-15 0.0
35535.53 1.0330078484219703e-15 0.0
35545.53 1.117621293323604e-15 0.0
35555.53 1.1338266670407194e-15 0.0
35565.53 1.1296873452870116e-15 0.0
35575.53 1.1436122056299656e-15 0.0
35585.53 1.1581331530070105e-15 0.0
35595.53 1.1282387755683721e-15 0.0
35605.53 1.0345554745001332e-15 0.0
35615.53 1.1267232492471757e-15 0.0
35625.53 1.0611310757725433e-15 0.0
35635.53 1.1414766309771527e-15 0.0
35645.53 1.1432943465205476e-15 0.0
35655.53 1.1162184972494078e-15 0.0
35665.53 1.1647954511299156e-15 0.0
35675.53 1.175994767456095e-15 0.0
35685.53 1.116461123305007e-15 0.0
35695.53 1.0898760689711974e-15 0.0
35705.53 1.1469888484696405e-15 0.0
35715.53 1.0181463185499578e-15 0.0
35725.53 1.1574371046803909e-15 0.0
35735.53 1.0872335491707325e-15 0.0
35745.53 1.1779302955320616e-15 0.0
35755.53 1.1075462594749536e-15 0.0
35765.53 1.0913961717234166e-15 0.0
35775.53 1.0161939923563602e-15 0.0
35785.53 1.1689832309230248e-15 0.0
35795.53 1.0593984628323898e-15 0.0
35805.53 1.1633127650810344e-15 0.0
35815.53 1.1194984765304269e-15 0.0
35825.53 1.1155292813519298e-15 0.0
35835.53 1.0723163710874869e-15 0.0
35845.53 1.167992568285836e-15 0.0
35855.53 1.125207563616163e-15 0.0
35865.53 1.0769823350410677e-15 0.0
35875.53 1.1184589763614665e-15 0.0
35885.53 1.112306293217623e-15 0.0
35895.53 1.1351960950910301e-15 0.0
35905.53 1.1942110806405509e-15 0.0
35915.53 1.1397210848267475e-15 0.0
35925.53 1.1120741788827753e-15 0.0
35935.53 1.0718075018375969e-15 0.0
35945.53 1.1196810469264296e-15 0.0
35955.53 1.107281485293977e-15 0.0
35965.53 1.144258459451808e-15 0.0
35975.53 1.0593616373951687e-15 0.0
35985.53 1.0354408021047177e-15 0.0
35995.53 1.1509817680230411e-15 0.0
36005.53 1.1596087888326799e-15 0.0
36015.53 9.609061034460785e-16 0.0
36025.53 1.062880826307836e-15 0.0
36035.53 1.0092077773081803e-15 0.0
36045.53 1.1627536666481252e-15 0.0
36055.53 1.135244988292057e-15 0.0
36065.53 1.1228328718234193e-15 0.0
36075.53 1.1554466818125577e-15 0.0
36085.53 1.159385061108872e-15 0.0
36095.53 1.0750792928086184e-15 0.0
36105.53 1.2257003999301208e-15 0.0
36115.53 1.0990830393586967e-15 0.0
36125.53 1.1832449178310528e-15 0.0
36135.53 1.049987451425791e-15 0.0
36145.53 1.0900890711661602e-15 0.0
36155.53 1.0871878764578339e-15 0.0
36165.53 1.0556821567564866e-15 0.0
36175.53 1.001153001103546e-15 0.0
36185.53 1.1227461382448995e-15 0.0
36195.53 1.1284887775004356e-15 0.0
36205.53 1.0883896597978887e-15 0.0
36215.53 1.143434021061893e-15 0.0
36225.53 1.0658787170235628e-15 0.0
36235.53 1.0491556352749907e-15 0.0
36245.53 1.1092332664582688e-15 0.0
36255.53 1.1246921558705922e-15 0.0
36265.53 1.0222005092712606e-15 0.0
36275.53 1.0896534015740276e-15 0.0
36285.53 1.1991468561680371e-15 0.0
36295.53 1.1392315513476059e-15 0.0
36305.53 1.1505385938141218e-15 0.0
36315.53 1.0825442960969316e-15 0.0
36325.53 1.1314093946215098e-15 0.0
36335.53 1.1329914274452728e-15 0.0
36345.53 1.0498920407304004e-15 0.0
36355.53 1.0790523170630397e-15 0.0
36365.53 1.0817537302981512e-15 0.0
36375.53 9.663359303167564e-16 0.0
36385.53 1.0371018553967553e-15 0.0
36395.53 1.125905103442485e-15 0.0
36405.53 1.1115618298081255e-15 0.0
36415.53 1.0413179347162455e-15 0.0
36425.53 1.1124530160744948e-15 0.0
36435.53 1.1539109394530994e-15 0.0
36445.53 1.1547554274525373e-15 0.0
36455.53 1.1433941708216273e-15 0.0
36465.53 1.1351497931392546e-15 0.0
36475.53 1.084647789172657e-15 0.0
36485.53 1.0855422195845203e-15 0.0
36495.53 1.1366625714553038e-15 0.0
36505.53 1.0361173809313332e-15 0.0
36515.53 1.1338090527207136e-15 0.0
