reference_uv_spectra/lya_masked/M8-2559-trappist1-megamuscles.spec
# %ECSV 0.9
# ---
# datatype:
# - {name: w, datatype: float64}
# - {name: f, datatype: float64}
# - {name: e, datatype: float64}
# meta: !!omap
# - {distance: 10}
# - {w0: 1170.0}
# - {filename: M8-2559-trappist1-megamuscles.spec}
# schema: astropy-2.0
w f e
[from data line 5080]
36535.53 1.0652389188371683e-15 0.0
36545.53 1.1074796397080967e-15 0.0
36555.53 1.0377413164760309e-15 0.0
36565.53 1.089585526953502e-15 0.0
36575.53 1.0934449413473994e-15 0.0
36585.53 1.0500960974038932e-15 0.0
36595.53 1.0537300996059682e-15 0.0
36605.53 1.0303437932017322e-15 0.0
36615.53 1.066625715178121e-15 0.0
36625.53 1.0346474476526178e-15 0.0
36635.53 1.0579636588001805e-15 0.0
36645.53 1.066006245596345e-15 0.0
36655.53 1.064972713837942e-15 0.0
36665.53 1.046840528372677e-15 0.0
36675.53 1.1317449436138823e-15 0.0
36685.53 1.1709059760108837e-15 0.0
36695.53 1.1173966946173853e-15 0.0
36705.53 1.085168768432018e-15 0.0
36715.53 1.1082020954009559e-15 0.0
36725.53 1.1287133832144251e-15 0.0
36735.53 1.035890977859855e-15 0.0
36745.53 1.0159957129810994e-15 0.0
36755.53 1.0719552230058253e-15 0.0
36765.53 1.02270417267806e-15 0.0
36775.53 1.0753927816204223e-15 0.0
36785.53 1.0350447371422475e-15 0.0
36795.53 1.1025562841113924e-15 0.0
36805.53 1.01077230301713e-15 0.0
36815.53 1.1070766497058604e-15 0.0
36825.53 1.110907665492649e-15 0.0
36835.53 1.0881269773188668e-15 0.0
36845.53 1.0803231934425679e-15 0.0
36855.53 1.0566172194174117e-15 0.0
36865.53 1.093083099299978e-15 0.0
36875.53 1.1472359448083104e-15 0.0
36885.53 1.104008398110256e-15 0.0
36895.53 1.0900898520298282e-15 0.0
36905.53 1.0375925236048461e-15 0.0
36915.53 1.0818620679989638e-15 0.0
36925.53 1.056399565879882e-15 0.0
36935.53 1.1021069073067443e-15 0.0
36945.53 9.8432449642409e-16 0.0
36955.53 1.0806512986779672e-15 0.0
36965.53 1.09870208517656e-15 0.0
36975.53 1.0616157789149881e-15 0.0
36985.53 1.0992590837727101e-15 0.0
36995.53 1.065093561340125e-15 0.0
37005.53 9.951114217938425e-16 0.0
37015.53 1.095031922693874e-15 0.0
37025.53 1.0725448089121196e-15 0.0
37035.53 1.086926813223635e-15 0.0
37045.53 1.1015131583451837e-15 0.0
37055.53 1.0979103182469066e-15 0.0
37065.53 1.087307658251535e-15 0.0
37075.53 1.1046365738093383e-15 0.0
37085.53 9.528417926691503e-16 0.0
37095.53 1.037736075542388e-15 0.0
37105.53 1.0688734059816322e-15 0.0
37115.53 1.1418448831521637e-15 0.0
37125.53 1.1078201737742242e-15 0.0
37135.53 1.1121625188925736e-15 0.0
37145.53 1.0649954117670084e-15 0.0
37155.53 1.101027556266793e-15 0.0
37165.53 1.0330935978339218e-15 0.0
37175.53 1.0952162059146767e-15 0.0
37185.53 1.042805719920013e-15 0.0
37195.53 1.0553670803576125e-15 0.0
37205.53 1.0934653732772162e-15 0.0
37215.53 1.057060395934682e-15 0.0
37225.53 1.0814350013643754e-15 0.0
37235.53 1.024045813725682e-15 0.0
37245.53 1.1046714073000013e-15 0.0
37255.53 1.1290314789362724e-15 0.0
37265.53 1.0426689240111434e-15 0.0
37275.53 1.0784852743358288e-15 0.0
37285.53 1.1409856019761431e-15 0.0
37295.53 1.0638748910846005e-15 0.0
37305.53 1.1225342162625138e-15 0.0
37315.53 1.0979574436776615e-15 0.0
37325.53 1.0392716362478138e-15 0.0
37335.53 1.0309032226335483e-15 0.0
37345.53 1.0114444463436196e-15 0.0
37355.53 1.0040129965382553e-15 0.0
37365.53 1.0124948163198185e-15 0.0
37375.53 9.956334875187488e-16 0.0
37385.53 1.0222435273832127e-15 0.0
37395.53 1.0724959624881563e-15 0.0
37405.53 1.087107852081809e-15 0.0
37415.53 1.0869196024265716e-15 0.0
37425.53 1.0288627649778948e-15 0.0
37435.53 1.0429993139219795e-15 0.0
37445.53 1.0938400010165917e-15 0.0
37455.53 9.73865028690035e-16 0.0
37465.53 1.032439201682984e-15 0.0
37475.53 1.1043517444663892e-15 0.0
37485.53 1.0735884566784087e-15 0.0
37495.53 1.0867301030461854e-15 0.0
37505.53 1.1005617533508998e-15 0.0
37515.53 1.08194720709121e-15 0.0
37525.53 1.1069774311077845e-15 0.0
37535.53 1.0951778906010954e-15 0.0
37545.53 1.0412990047008519e-15 0.0
37555.53 1.0695780588968927e-15 0.0
37565.53 1.0191920794912933e-15 0.0
37575.53 1.0724934895619218e-15 0.0
37585.53 1.0698673977286883e-15 0.0
37595.53 1.10495518793303e-15 0.0
37605.53 1.1102573960036158e-15 0.0
37615.53 1.0623025939853616e-15 0.0
37625.53 1.0368932115595715e-15 0.0
37635.53 1.0288384824913074e-15 0.0
37645.53 9.82186847445285e-16 0.0
37655.53 1.056331270552712e-15 0.0
37665.53 1.0600006895835581e-15 0.0
37675.53 1.0531389709173586e-15 0.0
37685.53 1.0570504366465028e-15 0.0
37695.53 1.0995740864439423e-15 0.0
37705.53 1.060154632302876e-15 0.0
37715.53 9.572853800157357e-16 0.0
37725.53 1.0987774528230044e-15 0.0
37735.53 1.0029667407800621e-15 0.0
37745.53 9.257707863285318e-16 0.0
37755.53 1.1008965663955117e-15 0.0
37765.53 1.117473816700984e-15 0.0
37775.53 1.0937896166493199e-15 0.0
37785.53 1.1065243786278568e-15 0.0
37795.53 1.078788303663337e-15 0.0
37805.53 1.0213346991845146e-15 0.0
37815.53 1.063273733293768e-15 0.0
37825.53 1.0474316457728561e-15 0.0
37835.53 1.0797469447328067e-15 0.0
37845.53 1.0482782943706387e-15 0.0
37855.53 1.0731113469014756e-15 0.0
37865.53 1.0338117797585595e-15 0.0
37875.53 1.0460815262221831e-15 0.0
37885.53 1.0370557166011856e-15 0.0
37895.53 1.0900574589080878e-15 0.0
37905.53 1.0636185662123691e-15 0.0
37915.53 1.017921822879424e-15 0.0
37925.53 1.058577300131984e-15 0.0
37935.53 1.037324776022345e-15 0.0
37945.53 1.0697664379697066e-15 0.0
37955.53 1.0946152767927545e-15 0.0
37965.53 1.0307779975571468e-15 0.0
37975.53 1.018495204325273e-15 0.0
37985.53 1.0943714206989051e-15 0.0
37995.53 1.0796752262685979e-15 0.0
38005.53 9.707406993283054e-16 0.0
38015.53 1.0656686722707086e-15 0.0
38025.53 1.0842194224117708e-15 0.0
38035.53 1.0675540865786158e-15 0.0
38045.53 1.0626179227596254e-15 0.0
38055.53 1.0442256001793304e-15 0.0
38065.53 1.0243231157715857e-15 0.0
38075.53 9.946380873028292e-16 0.0
38085.53 1.0019175185066234e-15 0.0
38095.53 1.0063144108355459e-15 0.0
38105.53 1.0261750584021218e-15 0.0
38115.53 1.0011797788605842e-15 0.0
38125.53 9.647228041640933e-16 0.0
38135.53 1.0499458592491377e-15 0.0
38145.53 1.1150102450932989e-15 0.0
38155.53 1.0156565514893663e-15 0.0
38165.53 1.0321525207427628e-15 0.0
38175.53 1.035986539996506e-15 0.0
38185.53 1.0679456274886908e-15 0.0
38195.53 1.0191947741303663e-15 0.0
38205.53 1.0584971549720801e-15 0.0
38215.53 1.0265000616998842e-15 0.0
38225.53 1.087814326451363e-15 0.0
38235.53 9.711467720207197e-16 0.0
38245.53 1.0418710623811324e-15 0.0
38255.53 1.0660171518408896e-15 0.0
38265.53 9.890094324629533e-16 0.0
38275.53 9.85885558926855e-16 0.0
38285.53 1.0197082059637586e-15 0.0
38295.53 1.0215035609566249e-15 0.0
38305.53 9.66110609011404e-16 0.0
38315.53 1.0065435009696398e-15 0.0
38325.53 1.002671577622232e-15 0.0
38335.53 1.0613760503076386e-15 0.0
38345.53 1.0371254979971003e-15 0.0
38355.53 1.0017647586814309e-15 0.0
38365.53 9.615078696825353e-16 0.0
38375.53 1.0321776640581192e-15 0.0
38385.53 1.0255964866693474e-15 0.0
38395.53 1.0653912508859069e-15 0.0
38405.53 9.82955703470129e-16 0.0
38415.53 1.0336789596777946e-15 0.0
38425.53 9.916893643552242e-16 0.0
38435.53 1.035279354006056e-15 0.0
38445.53 1.0444633099102231e-15 0.0
38455.53 1.0771862478058133e-15 0.0
38465.53 1.0192919866448508e-15 0.0
38475.53 9.876232246506664e-16 0.0
38485.53 9.910352735321603e-16 0.0
38495.53 9.632942234872611e-16 0.0
38505.53 9.766726778194763e-16 0.0
38515.53 1.0271575269855777e-15 0.0
38525.53 9.827256426809453e-16 0.0
38535.53 9.607407590217085e-16 0.0
38545.53 1.0002459764015676e-15 0.0
38555.53 1.02628928821125e-15 0.0
38565.53 1.0509981411757746e-15 0.0
38575.53 1.0148420265644096e-15 0.0
38585.53 1.025255233809117e-15 0.0
38595.53 1.0494018825411958e-15 0.0
38605.53 1.0584721095974932e-15 0.0
38615.53 1.069992398419424e-15 0.0
38625.53 1.0769748796441122e-15 0.0
38635.53 9.781386066625626e-16 0.0
38645.53 9.715285189546608e-16 0.0
38655.53 1.0337443146441359e-15 0.0
38665.53 9.660845767405528e-16 0.0
38675.53 1.0309850731736266e-15 0.0
38685.53 9.669395022548863e-16 0.0
38695.53 9.819490437699391e-16 0.0
38705.53 1.0389367903382822e-15 0.0
38715.53 1.0152361343374174e-15 0.0
38725.53 9.342862645881132e-16 0.0
38735.53 9.960628245650784e-16 0.0
38745.53 1.0069178505669494e-15 0.0
38755.53 1.0189065265100648e-15 0.0
38765.53 1.0045470139269986e-15 0.0
38775.53 1.01178789563204e-15 0.0
38785.53 9.679105860077746e-16 0.0
38795.53 1.0211875238934518e-15 0.0
38805.53 9.924944858366937e-16 0.0
38815.53 9.832280172033486e-16 0.0
38825.53 1.034465318803041e-15 0.0
38835.53 1.016368971873563e-15 0.0
38845.53 1.044904186981713e-15 0.0
38855.53 1.0318890031266848e-15 0.0
38865.53 9.926287099221317e-16 0.0
38875.53 9.86670799758197e-16 0.0
38885.53 9.213814195078764e-16 0.0
38895.53 9.930471830161104e-16 0.0
38905.53 9.850425741575745e-16 0.0
38915.53 9.728585580600688e-16 0.0
38925.53 9.236452029266742e-16 0.0
38935.53 9.208560840724256e-16 0.0
38945.53 1.004558930249544e-15 0.0
38955.53 1.0118208586450336e-15 0.0
38965.53 9.942473196101718e-16 0.0
38975.53 9.774551675153094e-16 0.0
38985.53 9.571005777597782e-16 0.0
38995.53 9.62759828793006e-16 0.0
39005.53 9.903156319671985e-16 0.0
39015.53 1.0097558637802777e-15 0.0
39025.53 1.0075252777845343e-15 0.0
39035.53 1.002939161627182e-15 0.0
39045.53 9.698379822598397e-16 0.0
39055.53 9.69357334409122e-16 0.0
39065.53 9.798446689119258e-16 0.0
39075.53 1.0105825540168991e-15 0.0
39085.53 9.91965641609652e-16 0.0
39095.53 9.903721346896086e-16 0.0
39105.53 9.678215266170924e-16 0.0
39115.53 9.605398074963474e-16 0.0
39125.53 8.974271863349045e-16 0.0
39135.53 9.857885053732198e-16 0.0
39145.53 9.56287258282543e-16 0.0
39155.53 8.953953899375184e-16 0.0
39165.53 9.941759308420606e-16 0.0
39175.53 9.810242854788503e-16 0.0
39185.53 9.8699896499004e-16 0.0
39195.53 9.983685951108375e-16 0.0
39205.53 9.16592046855367e-16 0.0
39215.53 9.749115857487663e-16 0.0
39225.53 9.670396433428759e-16 0.0
39235.53 1.0144380584805525e-15 0.0
39245.53 9.31384390759334e-16 0.0
39255.53 9.968472849592673e-16 0.0
39265.53 9.982044901416523e-16 0.0
39275.53 9.310130234169664e-16 0.0
39285.53 9.57076568278982e-16 0.0
39295.53 9.992158765974315e-16 0.0
39305.53 9.485183938952569e-16 0.0
39315.53 9.13071528805627e-16 0.0
39325.53 9.60206892807977e-16 0.0
39335.53 9.411617964183247e-16 0.0
39345.53 9.17661783383773e-16 0.0
39355.53 9.96937883110099e-16 0.0
39365.53 9.684226512302276e-16 0.0
39375.53 9.62982309565305e-16 0.0
39385.53 9.797475517817057e-16 0.0
39395.53 9.619208158813634e-16 0.0
39405.53 9.333913637870699e-16 0.0
39415.53 9.064072916162697e-16 0.0
39425.53 9.715726335513834e-16 0.0
39435.53 9.800372541490409e-16 0.0
39445.53 9.641035508409336e-16 0.0
39455.53 9.658991638521125e-16 0.0
39465.53 9.275810535525353e-16 0.0
39475.53 9.423146695794705e-16 0.0
39485.53 9.540082762058114e-16 0.0
39495.53 9.587234022613265e-16 0.0
39505.53 9.179203882294365e-16 0.0
39515.53 9.450040117989224e-16 0.0
39525.53 8.99843873386829e-16 0.0
39535.53 9.34165588309732e-16 0.0
39545.53 9.580149954298403e-16 0.0
39555.53 9.400464758998956e-16 0.0
39565.53 9.058297077155076e-16 0.0
39575.53 8.9477641324682e-16 0.0
39585.53 9.704853757478657e-16 0.0
39595.53 9.31835927699623e-16 0.0
39605.53 9.616783757035876e-16 0.0
39615.53 9.671184270022658e-16 0.0
39625.53 9.44483740683714e-16 0.0
39635.53 9.10855080520794e-16 0.0
39645.53 8.6320096454628e-16 0.0
39655.53 9.155809556565374e-16 0.0
39665.53 9.06744853426001e-16 0.0
39675.53 9.263807741509113e-16 0.0
39685.53 9.374424604858204e-16 0.0
39695.53 9.052578903958185e-16 0.0
39705.53 9.550207058991941e-16 0.0
39715.53 8.622142177304123e-16 0.0
39725.53 9.11154861233448e-16 0.0
39735.53 9.238686803068547e-16 0.0
39745.53 8.968554648751087e-16 0.0
39755.53 8.95926744419905e-16 0.0
39765.53 9.50382808535349e-16 0.0
39775.53 9.23176903507314e-16 0.0
39785.53 8.841740326110206e-16 0.0
39795.53 8.265169158521161e-16 0.0
39805.53 8.905522236618231e-16 0.0
39815.53 8.56632915007553e-16 0.0
39825.53 9.103482728945036e-16 0.0
39835.53 8.77772421300852e-16 0.0
39845.53 9.305794858130694e-16 0.0
39855.53 9.226945130377846e-16 0.0
39865.53 9.164204491420216e-16 0.0
39875.53 8.838559404253706e-16 0.0
39885.53 8.681422825095726e-16 0.0
39895.53 9.354418746831108e-16 0.0
39905.53 8.623124258679164e-16 0.0
39915.53 9.163124574482742e-16 0.0
39925.53 8.374603202578904e-16 0.0
39935.53 9.23409928911813e-16 0.0
39945.53 8.693106277247697e-16 0.0
39955.53 9.483114452820203e-16 0.0
39965.53 8.651499388592788e-16 0.0
39975.53 8.729755519156207e-16 0.0
39985.53 9.142492676751456e-16 0.0
39995.53 8.407141702165081e-16 0.0
40005.53 8.414796931119039e-16 0.0
40015.53 8.764434830823663e-16 0.0
40025.53 8.340002116709893e-16 0.0
40035.53 8.90695602072382e-16 0.0
40045.53 9.03509466190354e-16 0.0
40055.53 9.07011578106617e-16 0.0
40065.53 8.951375801468406e-16 0.0
40075.53 8.303658688566175e-16 0.0
40085.53 8.586243542658091e-16 0.0
40095.53 8.832067508464763e-16 0.0
40105.53 8.763522964623219e-16 0.0
40115.53 9.107127002561556e-16 0.0
40125.53 9.16004966822945e-16 0.0
40135.53 8.943479920135055e-16 0.0
40145.53 8.384057800983166e-16 0.0
40155.53 8.334716280291049e-16 0.0
40165.53 8.355313721141835e-16 0.0
40175.53 8.525680360580807e-16 0.0
40185.53 8.377266100121101e-16 0.0
40195.53 8.947681833890913e-16 0.0
40205.53 8.318077175492492e-16 0.0
40215.53 8.516029907908724e-16 0.0
40225.53 8.833433682135806e-16 0.0
40235.53 8.871810770314829e-16 0.0
40245.53 8.20315957044102e-16 0.0
40255.53 8.508552205355907e-16 0.0
40265.53 8.302889230943211e-16 0.0
40275.53 8.662787181310169e-16 0.0
40285.53 8.260889022559925e-16 0.0
40295.53 8.845363664896945e-16 0.0
40305.53 8.170761431281427e-16 0.0
40315.53 7.827852299581438e-16 0.0
40325.53 8.616443794791128e-16 0.0
40335.53 8.508594678676368e-16 0.0
40345.53 7.926335499506354e-16 0.0
40355.53 8.885876290665921e-16 0.0
40365.53 8.696092754688183e-16 0.0
40375.53 7.958234153769767e-16 0.0
40385.53 8.902602999965956e-16 0.0
40395.53 9.056945844201205e-16 0.0
40405.53 8.516737012967307e-16 0.0
40415.53 7.160844127550217e-16 0.0
40425.53 8.228381614133883e-16 0.0
40435.53 8.331899916860384e-16 0.0
40445.53 8.103964189644639e-16 0.0
40455.53 8.359031050884765e-16 0.0
40465.53 8.410880914118088e-16 0.0
40475.53 8.602573907101e-16 0.0
40485.53 7.938802832312641e-16 0.0
40495.53 8.404521250284494e-16 0.0
40505.53 8.118817528960342e-16 0.0
40515.53 7.770830340985811e-16 0.0
40525.53 8.231584750054981e-16 0.0
40535.53 8.217584901925014e-16 0.0
40545.53 8.810530308779881e-16 0.0
40555.53 8.226090880865706e-16 0.0
40565.53 8.757387187251979e-16 0.0
40575.53 8.784778391617235e-16 0.0
40585.53 8.214243938145874e-16 0.0
40595.53 7.354726627134407e-16 0.0
40605.53 8.109469597227978e-16 0.0
40615.53 7.43874919385908e-16 0.0
40625.53 7.504589601224085e-16 0.0
40635.53 7.407389724379112e-16 0.0
40645.53 8.187104807611415e-16 0.0
40655.53 8.166219992790396e-16 0.0
40665.53 8.58478767184787e-16 0.0
40675.53 7.871156428875896e-16 0.0
40685.53 8.570274003859256e-16 0.0
40695.53 7.872971936955995e-16 0.0
40705.53 8.083616282301291e-16 0.0
40715.53 8.388185533129991e-16 0.0
40725.53 8.372301302036415e-16 0.0
40735.53 8.004174235844202e-16 0.0
40745.53 7.633697125104048e-16 0.0
40755.53 7.21150089033511e-16 0.0
40765.53 8.193666366561142e-16 0.0
40775.53 7.312979907655301e-16 0.0
40785.53 7.227425035762524e-16 0.0
40795.53 8.059804505142023e-16 0.0
40805.53 7.316451139611318e-16 0.0
40815.53 7.765807961953957e-16 0.0
40825.53 7.676562803385714e-16 0.0
40835.53 7.910136134959121e-16 0.0
40845.53 7.090466821364779e-16 0.0
40855.53 7.979861118189994e-16 0.0
40865.53 6.931329572977755e-16 0.0
40875.53 7.474237976279722e-16 0.0
40885.53 7.201221342767244e-16 0.0
40895.53 7.515970224001367e-16 0.0
40905.53 7.848935462904168e-16 0.0
40915.53 7.762883289044847e-16 0.0
40925.53 6.90315344653779e-16 0.0
40935.53 7.721618856110366e-16 0.0
40945.53 7.932721502166518e-16 0.0
40955.53 7.546934340801504e-16 0.0
40965.53 7.427463584536624e-16 0.0
40975.53 7.637438124154918e-16 0.0
40985.53 7.130234450197932e-16 0.0
40995.53 7.861583060079422e-16 0.0
41005.53 7.539073735464256e-16 0.0
41015.53 7.872103330207786e-16 0.0
41025.53 7.321680972826614e-16 0.0
41035.53 7.186811695428994e-16 0.0
41045.53 7.825438250692831e-16 0.0
41055.53 7.790600100288635e-16 0.0
41065.53 8.300921462642086e-16 0.0
