reference_uv_spectra/lya_masked/M8-2559-trappist1-megamuscles.spec
# %ECSV 0.9
# ---
# datatype:
# - {name: w, datatype: float64}
# - {name: f, datatype: float64}
# - {name: e, datatype: float64}
# meta: !!omap
# - {distance: 10}
# - {w0: 1170.0}
# - {filename: M8-2559-trappist1-megamuscles.spec}
# schema: astropy-2.0
w f e
[from data line 4185]
27585.53 1.3333343031580326e-15 0.0
27595.53 1.5444005128568739e-15 0.0
27605.53 1.563012304181194e-15 0.0
27615.53 1.4531032672102732e-15 0.0
27625.53 1.6883696250233108e-15 0.0
27635.53 1.4815856135607103e-15 0.0
27645.53 1.3666078756478423e-15 0.0
27655.53 1.349015545817254e-15 0.0
27665.53 1.290807863492352e-15 0.0
27675.53 1.2782554171769633e-15 0.0
27685.53 1.2554510860228498e-15 0.0
27695.53 1.4848281107756136e-15 0.0
27705.53 1.2680349002316483e-15 0.0
27715.53 1.3738066010623175e-15 0.0
27725.53 1.2349390471965927e-15 0.0
27735.53 1.552679262501902e-15 0.0
27745.53 1.7486402166760943e-15 0.0
27755.53 1.5547380649555907e-15 0.0
27765.53 1.3157984533515013e-15 0.0
27775.53 1.489828661309849e-15 0.0
27785.53 1.2699127001636564e-15 0.0
27795.53 1.2090223950633274e-15 0.0
27805.53 1.3878790047219135e-15 0.0
27815.53 1.3597519897164855e-15 0.0
27825.53 1.3656335608421783e-15 0.0
27835.53 1.5008093863134987e-15 0.0
27845.53 1.5667935566504995e-15 0.0
27855.53 1.2022683785828307e-15 0.0
27865.53 1.2060464038974493e-15 0.0
27875.53 1.2522515776997436e-15 0.0
27885.53 1.1753914980153304e-15 0.0
27895.53 1.2443028004487222e-15 0.0
27905.53 1.5644718480016225e-15 0.0
27915.53 1.4929753125359041e-15 0.0
27925.53 1.2352156801671182e-15 0.0
27935.53 1.4569161419775557e-15 0.0
27945.53 1.5284242860959906e-15 0.0
27955.53 1.5820729435194459e-15 0.0
27965.53 1.4604160127797807e-15 0.0
27975.53 1.3542348722722975e-15 0.0
27985.53 1.5021423867694438e-15 0.0
27995.53 1.3815007098056605e-15 0.0
28005.53 1.6047370341080305e-15 0.0
28015.53 1.1687666434998126e-15 0.0
28025.53 1.3588302095987193e-15 0.0
28035.53 1.243660496192e-15 0.0
28045.53 9.802317508738897e-16 0.0
28055.53 1.0944063003901904e-15 0.0
28065.53 1.2606560166633674e-15 0.0
28075.53 1.5205848230609295e-15 0.0
28085.53 1.5221836537515844e-15 0.0
28095.53 1.2010030624648513e-15 0.0
28105.53 1.4193303102362546e-15 0.0
28115.53 1.4703872772729508e-15 0.0
28125.53 1.7625660746764153e-15 0.0
28135.53 1.2892205963291263e-15 0.0
28145.53 1.1243453963190976e-15 0.0
28155.53 1.2731181846521382e-15 0.0
28165.53 1.57027128132292e-15 0.0
28175.53 1.1994054784387771e-15 0.0
28185.53 1.2636431202123684e-15 0.0
28195.53 1.157531170873829e-15 0.0
28205.53 1.1328165717130639e-15 0.0
28215.53 1.1257810494703001e-15 0.0
28225.53 1.2633248519871744e-15 0.0
28235.53 1.3364004787603592e-15 0.0
28245.53 1.4057049431374273e-15 0.0
28255.53 1.3282837664767816e-15 0.0
28265.53 1.4342752037503863e-15 0.0
28275.53 1.1725481896285753e-15 0.0
28285.53 1.3421568914519735e-15 0.0
28295.53 1.4951201613981582e-15 0.0
28305.53 1.4932013819925165e-15 0.0
28315.53 1.5753027490560387e-15 0.0
28325.53 1.3421832770013244e-15 0.0
28335.53 1.556974062036029e-15 0.0
28345.53 1.2891278228044357e-15 0.0
28355.53 1.0766054503083716e-15 0.0
28365.53 9.966105698432677e-16 0.0
28375.53 1.3225779404291183e-15 0.0
28385.53 1.0450765592721538e-15 0.0
28395.53 1.3568902836826092e-15 0.0
28405.53 1.4579507529248996e-15 0.0
28415.53 1.282324254033155e-15 0.0
28425.53 1.4624974704826007e-15 0.0
28435.53 1.2193221311682847e-15 0.0
28445.53 1.3308691210141852e-15 0.0
28455.53 1.233777057889881e-15 0.0
28465.53 1.369186210247184e-15 0.0
28475.53 1.3707336351782863e-15 0.0
28485.53 1.3584480652303432e-15 0.0
28495.53 1.330069270746339e-15 0.0
28505.53 1.224828095630291e-15 0.0
28515.53 1.2806262072104565e-15 0.0
28525.53 1.381491510737823e-15 0.0
28535.53 1.1559837318160328e-15 0.0
28545.53 1.0653076598957812e-15 0.0
28555.53 1.0668216370317676e-15 0.0
28565.53 1.0258948593163888e-15 0.0
28575.53 1.1478010612464245e-15 0.0
28585.53 1.5274234284810166e-15 0.0
28595.53 1.6307030375607954e-15 0.0
28605.53 1.4117572513855111e-15 0.0
28615.53 1.3033929989205538e-15 0.0
28625.53 1.2485649702848687e-15 0.0
28635.53 1.5563643685038321e-15 0.0
28645.53 1.1434102526266971e-15 0.0
28655.53 1.4004874189150678e-15 0.0
28665.53 1.3317089414479764e-15 0.0
28675.53 1.2417521206169085e-15 0.0
28685.53 1.2052877885107605e-15 0.0
28695.53 1.2334468714732302e-15 0.0
28705.53 1.273921737473464e-15 0.0
28715.53 1.179546882972884e-15 0.0
28725.53 1.1228041878622635e-15 0.0
28735.53 9.319837707529146e-16 0.0
28745.53 1.3017046032612563e-15 0.0
28755.53 1.2262416313651965e-15 0.0
28765.53 1.630288344764934e-15 0.0
28775.53 1.438407695360039e-15 0.0
28785.53 1.175662718657805e-15 0.0
28795.53 1.39258462563467e-15 0.0
28805.53 1.3170375751100037e-15 0.0
28815.53 1.2387161515205624e-15 0.0
28825.53 1.395645107427138e-15 0.0
28835.53 1.32443146337529e-15 0.0
28845.53 1.247518186529536e-15 0.0
28855.53 1.3664321746921437e-15 0.0
28865.53 1.0484573550961712e-15 0.0
28875.53 1.4661587168862766e-15 0.0
28885.53 1.1742587309342934e-15 0.0
28895.53 1.150750560311749e-15 0.0
28905.53 1.0017036537277179e-15 0.0
28915.53 1.0522449839466822e-15 0.0
28925.53 1.2192772684513213e-15 0.0
28935.53 1.2668409246002815e-15 0.0
28945.53 1.4918296376969041e-15 0.0
28955.53 1.5232763092213766e-15 0.0
28965.53 1.3622100586292225e-15 0.0
28975.53 1.2870091130692583e-15 0.0
28985.53 1.5583242487563528e-15 0.0
28995.53 1.0966018529760564e-15 0.0
29005.53 1.0946506202893793e-15 0.0
29015.53 1.1666442763829718e-15 0.0
29025.53 1.2159338355845815e-15 0.0
29035.53 1.3911970483188967e-15 0.0
29045.53 1.1241535264898148e-15 0.0
29055.53 1.2526395709200592e-15 0.0
29065.53 1.3788777370844013e-15 0.0
29075.53 1.1966087056849056e-15 0.0
29085.53 9.288337283164078e-16 0.0
29095.53 9.402196194664642e-16 0.0
29105.53 9.272914739698223e-16 0.0
29115.53 1.268570306627246e-15 0.0
29125.53 1.430934378759228e-15 0.0
29135.53 1.3423322705542807e-15 0.0
29145.53 1.2744166773921646e-15 0.0
29155.53 1.3957621167673348e-15 0.0
29165.53 1.2975146293612327e-15 0.0
29175.53 1.2011397838861066e-15 0.0
29185.53 1.2390220968665248e-15 0.0
29195.53 1.2933097536137733e-15 0.0
29205.53 1.1668481356058672e-15 0.0
29215.53 1.1077396539273523e-15 0.0
29225.53 1.1100967992159758e-15 0.0
29235.53 1.1708152800588692e-15 0.0
29245.53 1.1782604122742553e-15 0.0
29255.53 1.2593882455767274e-15 0.0
29265.53 1.2251939719151081e-15 0.0
29275.53 1.1960938516902258e-15 0.0
29285.53 1.024245580216588e-15 0.0
29295.53 9.50361276096011e-16 0.0
29305.53 1.126310559109861e-15 0.0
29315.53 1.322866167222563e-15 0.0
29325.53 1.1782018178860797e-15 0.0
29335.53 1.4658850849580327e-15 0.0
29345.53 1.238318592874116e-15 0.0
29355.53 1.3471172449866607e-15 0.0
29365.53 1.3018606350975895e-15 0.0
29375.53 1.2297968118498186e-15 0.0
29385.53 1.3202982349053926e-15 0.0
29395.53 1.3591835342397516e-15 0.0
29405.53 1.0948522903400095e-15 0.0
29415.53 1.114731569048699e-15 0.0
29425.53 1.0590279538992875e-15 0.0
29435.53 1.2522528907067944e-15 0.0
29445.53 1.102852283419575e-15 0.0
29455.53 1.1814511672273629e-15 0.0
29465.53 1.3289760445064145e-15 0.0
29475.53 8.455330544579806e-16 0.0
29485.53 1.1041706098155304e-15 0.0
29495.53 9.853190100006204e-16 0.0
29505.53 1.3143098523563643e-15 0.0
29515.53 1.314929261326481e-15 0.0
29525.53 1.219785559982762e-15 0.0
29535.53 1.2366541195469672e-15 0.0
29545.53 1.1576025608672013e-15 0.0
29555.53 1.1344369825274341e-15 0.0
29565.53 1.0105980280923729e-15 0.0
29575.53 1.3333349314689162e-15 0.0
29585.53 1.3283928646745248e-15 0.0
29595.53 1.2215977390538057e-15 0.0
29605.53 1.2126528500667816e-15 0.0
29615.53 1.1759287290291877e-15 0.0
29625.53 1.2174402425445474e-15 0.0
29635.53 1.1440845664621894e-15 0.0
29645.53 1.100727582141217e-15 0.0
29655.53 1.3186150267490405e-15 0.0
29665.53 1.0846078743916242e-15 0.0
29675.53 1.1077961848307719e-15 0.0
29685.53 1.141350449302562e-15 0.0
29695.53 9.587424266890473e-16 0.0
29705.53 1.2994366168111042e-15 0.0
29715.53 1.2331976750134582e-15 0.0
29725.53 1.001745861952302e-15 0.0
29735.53 1.1767048505354883e-15 0.0
29745.53 1.3501354819466325e-15 0.0
29755.53 1.1172176147271122e-15 0.0
29765.53 1.2505787713421793e-15 0.0
29775.53 1.3684516001459348e-15 0.0
29785.53 1.2757516175969857e-15 0.0
29795.53 1.1203249522713606e-15 0.0
29805.53 1.196813491313898e-15 0.0
29815.53 1.2902041215505116e-15 0.0
29825.53 1.2642940107770402e-15 0.0
29835.53 1.1694784375506042e-15 0.0
29845.53 1.1191180794285836e-15 0.0
29855.53 1.1889439409850923e-15 0.0
29865.53 1.2931782551143031e-15 0.0
29875.53 9.96964850022664e-16 0.0
29885.53 1.0699734735118708e-15 0.0
29895.53 8.736202665585534e-16 0.0
29905.53 1.142866484050322e-15 0.0
29915.53 1.1767366508840923e-15 0.0
29925.53 1.1887254836399724e-15 0.0
29935.53 1.1931719885973348e-15 0.0
29945.53 1.3355045771741723e-15 0.0
29955.53 1.253386553350431e-15 0.0
29965.53 1.26659079480936e-15 0.0
29975.53 1.2301064101752928e-15 0.0
29985.53 1.1937844282244088e-15 0.0
29995.53 1.144313179134709e-15 0.0
30005.53 1.4202824567126545e-15 0.0
30015.53 1.1111783121183074e-15 0.0
30025.53 1.1628154714302406e-15 0.0
30035.53 1.2427203403293042e-15 0.0
30045.53 1.1592672284344524e-15 0.0
30055.53 1.0884989998503182e-15 0.0
30065.53 1.122606904200495e-15 0.0
30075.53 1.0343823012455353e-15 0.0
30085.53 9.323459751028594e-16 0.0
30095.53 1.0025465810260403e-15 0.0
30105.53 9.96771179196298e-16 0.0
30115.53 1.1328379190836644e-15 0.0
30125.53 1.1194440296775414e-15 0.0
30135.53 1.1809069512315794e-15 0.0
30145.53 1.2562406470608498e-15 0.0
30155.53 1.5059238814656668e-15 0.0
30165.53 1.269824583471944e-15 0.0
30175.53 1.1942219255780875e-15 0.0
30185.53 1.2341536091292036e-15 0.0
30195.53 1.2985972798230221e-15 0.0
30205.53 1.2231529314047304e-15 0.0
30215.53 1.2578068255438717e-15 0.0
30225.53 9.157890564005354e-16 0.0
30235.53 1.1833289989877298e-15 0.0
30245.53 1.1314847879183076e-15 0.0
30255.53 1.1653727642918784e-15 0.0
30265.53 1.060028861155438e-15 0.0
30275.53 1.1451699967497304e-15 0.0
30285.53 1.1802709360109597e-15 0.0
30295.53 1.0710122247954484e-15 0.0
30305.53 1.1122382722378278e-15 0.0
30315.53 1.0599796593746837e-15 0.0
30325.53 1.1958937783334072e-15 0.0
30335.53 1.197786747155187e-15 0.0
30345.53 1.1983170210320857e-15 0.0
30355.53 1.1717926422599484e-15 0.0
30365.53 1.1211537000887366e-15 0.0
30375.53 1.1966953123170505e-15 0.0
30385.53 1.2769704670534351e-15 0.0
30395.53 1.1073130055850748e-15 0.0
30405.53 1.354051422019787e-15 0.0
30415.53 1.2255203266553855e-15 0.0
30425.53 1.3365581647511222e-15 0.0
30435.53 1.0303125478525452e-15 0.0
30445.53 1.1602032872508947e-15 0.0
30455.53 9.741389201332714e-16 0.0
30465.53 1.067177666548233e-15 0.0
30475.53 1.231873969513678e-15 0.0
30485.53 1.0943319495968732e-15 0.0
30495.53 1.1068707831456778e-15 0.0
30505.53 9.992607154398943e-16 0.0
30515.53 9.328293949753965e-16 0.0
30525.53 1.144836304340978e-15 0.0
30535.53 9.99292086709235e-16 0.0
30545.53 1.256257173170476e-15 0.0
30555.53 1.2312535874534586e-15 0.0
30565.53 1.4104117816833101e-15 0.0
30575.53 1.3176319584673954e-15 0.0
30585.53 1.1927072036099035e-15 0.0
30595.53 1.0986009535113526e-15 0.0
30605.53 1.1659420896007251e-15 0.0
30615.53 1.2292387102212464e-15 0.0
30625.53 1.1470690197296778e-15 0.0
30635.53 1.3841826964688567e-15 0.0
30645.53 1.1902355546946893e-15 0.0
30655.53 9.963381545426085e-16 0.0
30665.53 1.0910539344562186e-15 0.0
30675.53 1.2197629248780632e-15 0.0
30685.53 1.3084165661818486e-15 0.0
30695.53 1.0536962543117938e-15 0.0
30705.53 1.1115454321363838e-15 0.0
30715.53 9.809414463261082e-16 0.0
30725.53 1.0673658764160828e-15 0.0
30735.53 9.951877505698748e-16 0.0
30745.53 1.1441770104691432e-15 0.0
30755.53 9.58122236356369e-16 0.0
30765.53 1.3261104203687156e-15 0.0
30775.53 1.1437620850339043e-15 0.0
30785.53 1.2744840623605416e-15 0.0
30795.53 1.3592842084947598e-15 0.0
30805.53 1.2831971304162663e-15 0.0
30815.53 1.2214199592950002e-15 0.0
30825.53 1.2118312589359323e-15 0.0
30835.53 1.0661355580875156e-15 0.0
30845.53 1.2405961825913268e-15 0.0
30855.53 1.1598926333705809e-15 0.0
30865.53 1.1197334151830032e-15 0.0
30875.53 1.2072486622175366e-15 0.0
30885.53 1.054059152472402e-15 0.0
30895.53 1.0994394628276836e-15 0.0
30905.53 1.1486702482204731e-15 0.0
30915.53 1.1051166346720138e-15 0.0
30925.53 1.0104137136274076e-15 0.0
30935.53 1.1636696643701592e-15 0.0
30945.53 1.2593689974199154e-15 0.0
30955.53 9.919260732828788e-16 0.0
30965.53 1.1149152291931202e-15 0.0
30975.53 1.0384478705289274e-15 0.0
30985.53 1.0876395536414257e-15 0.0
30995.53 1.1614992716975454e-15 0.0
31005.53 1.2371485006974091e-15 0.0
31015.53 1.372641289955947e-15 0.0
31025.53 1.238582349927962e-15 0.0
31035.53 1.1502433979412982e-15 0.0
31045.53 1.3076091999467465e-15 0.0
31055.53 1.1655669550452032e-15 0.0
31065.53 1.1086229236823488e-15 0.0
31075.53 1.2544297120280884e-15 0.0
31085.53 1.1271740050704723e-15 0.0
31095.53 1.0792021968030205e-15 0.0
31105.53 1.1922952269985852e-15 0.0
31115.53 1.0818380375672336e-15 0.0
31125.53 1.1523665465964764e-15 0.0
31135.53 1.0926141899900125e-15 0.0
31145.53 1.0064377360176671e-15 0.0
31155.53 1.061012778967082e-15 0.0
31165.53 1.2139237571683147e-15 0.0
31175.53 1.2911311870499542e-15 0.0
31185.53 1.0697891718837146e-15 0.0
31195.53 1.0793791106122923e-15 0.0
31205.53 1.284389589972912e-15 0.0
31215.53 1.0229200719593809e-15 0.0
31225.53 1.1794081760777592e-15 0.0
31235.53 1.1969366662903598e-15 0.0
31245.53 1.2176525837007085e-15 0.0
31255.53 1.2366453600248128e-15 0.0
31265.53 1.259682441101262e-15 0.0
31275.53 1.2908447237978208e-15 0.0
31285.53 1.1485324629363826e-15 0.0
31295.53 1.0933882382301463e-15 0.0
31305.53 1.0149173204806267e-15 0.0
31315.53 1.1122376493449772e-15 0.0
31325.53 1.1722197653909727e-15 0.0
31335.53 9.409516725533997e-16 0.0
31345.53 1.1633260814222762e-15 0.0
31355.53 1.1268152931727166e-15 0.0
31365.53 1.1696286303474276e-15 0.0
31375.53 1.3151858789379313e-15 0.0
31385.53 1.0293080378862e-15 0.0
31395.53 1.2081296519991012e-15 0.0
31405.53 1.28477443734264e-15 0.0
31415.53 1.2006950498756308e-15 0.0
31425.53 1.0770497293540009e-15 0.0
31435.53 1.1607206062437999e-15 0.0
31445.53 1.001407645514419e-15 0.0
31455.53 1.1639388405116727e-15 0.0
31465.53 1.2424832585525734e-15 0.0
31475.53 1.1878962933197428e-15 0.0
31485.53 1.1720308441141917e-15 0.0
31495.53 1.0745770467938931e-15 0.0
31505.53 1.1715568081740192e-15 0.0
31515.53 1.3568579801290195e-15 0.0
31525.53 1.1281593452915578e-15 0.0
31535.53 1.1595177545715495e-15 0.0
31545.53 1.0816233588064164e-15 0.0
31555.53 1.0733338755132482e-15 0.0
31565.53 1.1163432658332636e-15 0.0
31575.53 1.031150484519493e-15 0.0
31585.53 1.0799880301360805e-15 0.0
31595.53 1.1778111517582766e-15 0.0
31605.53 1.140909158043645e-15 0.0
31615.53 1.2635063092333023e-15 0.0
31625.53 1.1908530860914775e-15 0.0
31635.53 1.2775942480996042e-15 0.0
31645.53 1.2278463473709464e-15 0.0
31655.53 1.1224169894668738e-15 0.0
31665.53 1.1211033037454404e-15 0.0
31675.53 1.1669295111400637e-15 0.0
31685.53 1.1045673187484473e-15 0.0
31695.53 1.0980372296834983e-15 0.0
31705.53 1.2283321331532263e-15 0.0
31715.53 1.1618078165490558e-15 0.0
31725.53 1.1173115584512904e-15 0.0
31735.53 1.125090774101799e-15 0.0
31745.53 1.202076702753251e-15 0.0
31755.53 1.0514423804443562e-15 0.0
31765.53 1.1895013838728742e-15 0.0
31775.53 1.0368230185766786e-15 0.0
31785.53 1.1304698641745654e-15 0.0
31795.53 1.063765197849314e-15 0.0
31805.53 1.180150425217815e-15 0.0
31815.53 1.0445541154119702e-15 0.0
31825.53 1.2353129775218992e-15 0.0
31835.53 1.317183213683019e-15 0.0
31845.53 1.3089261578111524e-15 0.0
31855.53 1.111236689803257e-15 0.0
31865.53 1.075566870230501e-15 0.0
31875.53 1.2458122823362932e-15 0.0
31885.53 1.2885677663697153e-15 0.0
31895.53 1.099545917909366e-15 0.0
31905.53 1.0002687329932489e-15 0.0
31915.53 1.3290774212678225e-15 0.0
31925.53 1.2301959926258806e-15 0.0
31935.53 1.0525844538940655e-15 0.0
31945.53 1.0836435505241377e-15 0.0
31955.53 1.0480616342330809e-15 0.0
31965.53 1.236338276240513e-15 0.0
31975.53 1.1367887830686627e-15 0.0
31985.53 1.181026649293923e-15 0.0
31995.53 1.1386000697539973e-15 0.0
32005.53 1.0511602742627017e-15 0.0
32015.53 1.0727025616925472e-15 0.0
32025.53 1.0382584324503794e-15 0.0
32035.53 1.0873426686761312e-15 0.0
32045.53 1.106042674878502e-15 0.0
